"";"airline";"number";"scheduledTime";"actualTime";"status";"arrivalAirport";"aircraft";"diffMins"
"1";"Austrian";"OS 385";2022-01-16 08:40:00;2022-01-16 08:56:00;"Departed";"LEMG";"Airbus A320";16
"2";"Austrian";"OS 849";2022-01-15 21:40:00;2022-01-15 21:47:00;"Departed";"LATI";"Embraer EMB 195";7
"3";"Austrian";"OS 317";2022-01-15 20:00:00;2022-01-15 20:13:00;"Departed";"ESSA";"Airbus A320";13
"4";"Austrian";"OS 17";2022-01-15 19:25:00;2022-01-15 19:47:00;"Departed";"FIMP";"Boeing 777-200";22
"5";"Austrian";"OS 515";2022-01-15 16:50:00;2022-01-15 16:48:00;"Departed";"LIMC";"Embraer 195";-2
"6";"Austrian";"OS 187";2022-01-15 16:45:00;2022-01-15 16:51:00;"Departed";"EDDS";"Embraer EMB 195";6
"7";"Austrian";"OS 305";2022-01-15 16:40:00;2022-01-15 16:46:00;"Departed";"EKCH";"Embraer EMB 195";6
"8";"Austrian";"OS 901";2022-01-15 16:40:00;2022-01-15 16:46:00;"Departed";"LOWI";"Embraer EMB 195";6
"9";"Austrian";"OS 575";2022-01-15 16:35:00;2022-01-15 16:44:00;"Departed";"LSGG";"Embraer EMB 195";9
"10";"Austrian";"OS 125";2022-01-15 16:35:00;2022-01-15 16:45:00;"Departed";"EDDF";"Embraer EMB 195";10
"11";"Austrian";"OS 355";2022-01-15 16:30:00;2022-01-15 16:42:00;"Departed";"EBBR";"Embraer EMB 195";12
"12";"Austrian";"OS 455";2022-01-15 16:30:00;2022-01-15 16:49:00;"Departed";"EGLL";"Airbus A320-200";19
"13";"Austrian";"OS 905";2022-01-15 11:55:00;2022-01-15 11:53:00;"Departed";"LOWI";"Embraer EMB 195";-2
"14";"Austrian";"OS 727";2022-01-15 11:55:00;2022-01-15 11:54:00;"Departed";"LYPG";"Embraer 195";-1
"15";"Austrian";"OS 797";2022-01-15 11:50:00;2022-01-15 11:57:00;"Departed";"LBSF";"Embraer EMB 195";7
"16";"Austrian";"OS 791";2022-01-15 11:35:00;2022-01-15 11:48:00;"Departed";"LROP";"Airbus A320-100/200";13
"17";"Austrian";"OS 9505";2022-01-15 10:30:00;2022-01-15 10:47:00;"Departed";"GCTS";"Airbus A320";17
"18";"Austrian";"OS 87";2022-01-15 09:45:00;2022-01-15 09:56:00;"Departed";"KJFK";"Boeing 777-200";11
"19";"Austrian";"OS 831";2022-01-15 08:40:00;2022-01-15 08:56:00;"Departed";"LCLK";"Airbus A320-200 (Sharklets)";16
"20";"Austrian";"OS 291";2022-01-15 06:40:00;2022-01-15 06:47:00;"Departed";"EDDV";"Embraer EMB 195";7
"21";"Austrian";"OS 223";2022-01-15 06:40:00;2022-01-15 06:48:00;"Departed";"EDDB";"Embraer 195";8
"22";"Austrian";"OS 151";2022-01-15 06:35:00;2022-01-15 06:42:00;"Departed";"EDDL";"Embraer 195";7
"23";"Austrian";"OS 561";2022-01-15 06:35:00;2022-01-15 06:44:00;"Departed";"LSZH";"Airbus A320-100/200";9
"24";"Austrian";"OS 571";2022-01-15 06:35:00;2022-01-15 06:51:00;"Departed";"LSGG";"Embraer EMB 195";16
"25";"Austrian";"OS 175";2022-01-15 06:35:00;2022-01-15 06:55:00;"Departed";"EDDH";"Embraer EMB 195";20
"26";"Austrian";"OS 121";2022-01-15 06:15:00;2022-01-15 06:45:00;"Departed";"EDDF";"Embraer EMB 195";30
"27";"Austrian";"OS 451";2022-01-15 05:45:00;2022-01-15 05:56:00;"Departed";"EGLL";"Airbus A320-100/200";11
"28";"Austrian";"OS 25";2022-01-14 22:20:00;2022-01-14 22:26:00;"Departed";"VTBS";"Boeing 777-200";6
"29";"Austrian";"OS 679";2022-01-14 21:45:00;2022-01-14 21:45:00;"Departed";"UKDE";"Boeing 777-200";0
"30";"Austrian";"OS 975";2022-01-14 21:45:00;2022-01-14 21:47:00;"Departed";"LOWG";"Embraer EMB 195";2
"31";"Austrian";"OS 849";2022-01-14 21:40:00;2022-01-14 22:02:00;"Departed";"LATI";"Airbus A320-100/200";22
"32";"Austrian";"OS 913";2022-01-14 20:55:00;2022-01-14 20:57:00;"Departed";"LOWI";"Embraer 195";2
"33";"Austrian";"OS 759";2022-01-14 20:55:00;2022-01-14 20:56:00;"Departed";"LQSA";"Embraer 195";1
"34";"Austrian";"OS 317";2022-01-14 20:00:00;2022-01-14 20:14:00;"Departed";"ESSA";"Airbus A320";14
"35";"Austrian";"OS 515";2022-01-14 16:50:00;2022-01-14 16:57:00;"Departed";"LIMC";"Embraer 195";7
"36";"Austrian";"OS 187";2022-01-14 16:45:00;2022-01-14 16:52:00;"Departed";"EDDS";"Embraer EMB 195";7
"37";"Austrian";"OS 305";2022-01-14 16:40:00;2022-01-14 16:48:00;"Departed";"EKCH";"Embraer EMB 195";8
"38";"Austrian";"OS 473";2022-01-14 16:40:00;2022-01-14 16:42:00;"Departed";"LFSB";"Embraer EMB 195";2
"39";"Austrian";"OS 575";2022-01-14 16:35:00;2022-01-14 16:44:00;"Departed";"LSGG";"Embraer EMB 195";9
"40";"Austrian";"OS 115";2022-01-14 16:30:00;2022-01-14 16:35:00;"Delayed";"EDDM";"Embraer 195";5
"41";"Austrian";"OS 863";2022-01-14 12:45:00;2022-01-14 12:58:00;"Departed";"HECA";"Airbus A321";13
"42";"Austrian";"OS 797";2022-01-14 11:50:00;2022-01-14 11:56:00;"Departed";"LBSF";"Embraer 195";6
"43";"Austrian";"OS 153";2022-01-14 11:40:00;2022-01-14 11:51:00;"Departed";"EDDL";"Airbus A320-100/200";11
"44";"Austrian";"OS 791";2022-01-14 11:35:00;2022-01-14 11:46:00;"Departed";"LROP";"Airbus A320-100/200";11
"45";"Austrian";"OS 809";2022-01-14 11:35:00;2022-01-14 11:48:00;"Departed";"LGTS";"Embraer EMB 195";13
"46";"Austrian";"OS 831";2022-01-14 11:35:00;2022-01-14 11:55:00;"Departed";"LCLK";"Airbus A320-100/200";20
"47";"Austrian";"OS 89";2022-01-14 09:25:00;2022-01-14 09:43:00;"Departed";"KEWR";"Boeing 777-200";18
"48";"Austrian";"OS 65";2022-01-14 09:15:00;2022-01-14 10:52:00;"Departed";"KORD";"Boeing 767-300 (winglets)";97
"49";"Austrian";"OS 521";2022-01-14 08:00:00;2022-01-14 07:59:00;"Departed";"LIPZ";"Embraer 195";-1
"50";"Austrian";"OS 223";2022-01-14 06:40:00;2022-01-14 06:50:00;"Departed";"EDDB";"Airbus A320";10
"51";"Austrian";"OS 151";2022-01-14 06:35:00;2022-01-14 06:44:00;"Departed";"EDDL";"Airbus A320-100/200";9
"52";"Austrian";"OS 175";2022-01-14 06:35:00;2022-01-14 06:44:00;"Departed";"EDDH";"Airbus A320-100/200";9
"53";"Austrian";"OS 561";2022-01-14 06:35:00;2022-01-14 06:48:00;"Departed";"LSZH";"Embraer EMB 195";13
"54";"Austrian";"OS 311";2022-01-14 05:35:00;2022-01-14 05:52:00;"Departed";"ESSA";"Embraer 195";17
"55";"Austrian";"OS 975";2022-01-13 21:45:00;2022-01-13 21:50:00;"Departed";"LOWG";"Embraer EMB 195";5
"56";"Austrian";"OS 641";2022-01-13 21:30:00;2022-01-13 21:43:00;"Departed";"UDYZ";"Airbus A320-100/200";13
"57";"Austrian";"OS 515";2022-01-13 16:50:00;2022-01-13 16:52:00;"Departed";"LIMC";"Embraer EMB 195";2
"58";"Austrian";"OS 295";2022-01-13 16:45:00;2022-01-13 16:50:00;"Departed";"EDDV";"Embraer EMB 195";5
"59";"Austrian";"OS 505";2022-01-13 16:45:00;2022-01-13 16:55:00;"Departed";"LIRF";"Embraer EMB 195";10
"60";"Austrian";"OS 315";2022-01-13 16:40:00;2022-01-13 16:53:00;"Departed";"ESSA";"Embraer EMB 195";13
"61";"Austrian";"OS 305";2022-01-13 16:40:00;2022-01-13 16:48:00;"Departed";"EKCH";"Embraer EMB 195";8
"62";"Austrian";"OS 473";2022-01-13 16:40:00;2022-01-13 16:49:00;"Departed";"LFSB";"Embraer EMB 195";9
"63";"Austrian";"OS 125";2022-01-13 16:35:00;2022-01-13 16:47:00;"Departed";"EDDF";"Airbus A320-100/200";12
"64";"Austrian";"OS 575";2022-01-13 16:35:00;2022-01-13 16:44:00;"Departed";"LSGG";"Embraer EMB 195";9
"65";"Austrian";"OS 171";2022-01-13 16:30:00;2022-01-13 16:45:00;"Departed";"EDDH";"Embraer EMB 195";15
"66";"Austrian";"OS 115";2022-01-13 16:30:00;2022-01-13 16:42:00;"Departed";"EDDM";"Embraer EMB 195";12
"67";"Austrian";"OS 455";2022-01-13 16:30:00;2022-01-13 16:53:00;"Departed";"EGLL";"Airbus A320-100/200";23
"68";"Austrian";"OS 235";2022-01-13 16:25:00;2022-01-13 16:42:00;"Departed";"EDDB";"Airbus A320-100/200";17
"69";"Austrian";"OS 905";2022-01-13 11:55:00;2022-01-13 11:52:00;"Departed";"LOWI";"Embraer 195";-3
"70";"Austrian";"OS 797";2022-01-13 11:50:00;2022-01-13 11:53:00;"Departed";"LBSF";"Embraer EMB 195";3
"71";"Austrian";"OS 655";2022-01-13 11:45:00;2022-01-13 11:51:00;"Departed";"LUKK";"Embraer EMB 195";6
"72";"Austrian";"OS 777";2022-01-13 11:35:00;2022-01-13 11:45:00;"Departed";"BKPR";"Airbus A320-100/200";10
"73";"Austrian";"OS 791";2022-01-13 11:35:00;2022-01-13 11:43:00;"Departed";"LROP";"Embraer EMB 195";8
"74";"Austrian";"OS 9505";2022-01-13 10:30:00;2022-01-13 10:50:00;"Departed";"GCTS";"Airbus A320";20
"75";"Austrian";"OS 95";2022-01-13 10:25:00;2022-01-13 10:47:00;"Departed";"MMUN";"Boeing 777-200";22
"76";"Austrian";"OS 87";2022-01-13 09:45:00;2022-01-13 09:57:00;"Departed";"KJFK";"Boeing 777-200";12
"77";"Austrian";"OS 93";2022-01-13 09:35:00;2022-01-13 09:43:00;"Departed";"KIAD";"Boeing 767-300";8
"78";"Austrian";"OS 385";2022-01-13 08:40:00;2022-01-13 08:48:00;"Departed";"LEMG";"Embraer 195";8
"79";"Austrian";"OS 223";2022-01-13 06:45:00;2022-01-13 06:44:00;"Departed";"EDDB";"Embraer EMB 195";-1
"80";"Austrian";"OS 561";2022-01-13 06:35:00;2022-01-13 06:43:00;"Departed";"LSZH";"Embraer EMB 195";8
"81";"Austrian";"OS 371";2022-01-13 06:15:00;2022-01-13 06:52:00;"Departed";"EHAM";"Airbus A320";37
"82";"Austrian";"OS 391";2022-01-13 06:00:00;2022-01-13 06:05:00;"Departed";"LEBL";"Embraer 195";5
"83";"Austrian";"OS 175";2022-01-13 06:00:00;2022-01-13 06:09:00;"Departed";"EDDH";"Airbus A320-100/200";9
"84";"Austrian";"OS 451";2022-01-13 05:45:00;2022-01-13 06:02:00;"Departed";"EGLL";"Airbus A320";17
"85";"Austrian";"OS 679";2022-01-12 21:45:00;2022-01-12 21:50:00;"Departed";"UKDE";"Boeing 777-200";5
"86";"Austrian";"OS 849";2022-01-12 21:40:00;2022-01-12 21:51:00;"Departed";"LATI";"Embraer EMB 195";11
"87";"Austrian";"OS 913";2022-01-12 20:55:00;2022-01-12 20:59:00;"Departed";"LOWI";"Embraer EMB 195";4
"88";"Austrian";"OS 759";2022-01-12 20:55:00;2022-01-12 20:56:00;"Departed";"LQSA";"Embraer 195";1
"89";"Austrian";"OS 317";2022-01-12 20:00:00;2022-01-12 20:14:00;"Departed";"ESSA";"Airbus A320";14
"90";"Austrian";"OS 187";2022-01-12 16:45:00;2022-01-12 16:48:00;"Departed";"EDDS";"Embraer 195";3
"91";"Austrian";"OS 295";2022-01-12 16:45:00;2022-01-12 16:55:00;"Departed";"EDDV";"Embraer EMB 195";10
"92";"Austrian";"OS 305";2022-01-12 16:40:00;2022-01-12 16:54:00;"Departed";"EKCH";"Embraer EMB 195";14
"93";"Austrian";"OS 125";2022-01-12 16:35:00;2022-01-12 16:53:00;"Departed";"EDDF";"Airbus A320-100/200";18
"94";"Austrian";"OS 195";2022-01-12 16:35:00;2022-01-12 16:45:00;"Departed";"EDDK";"Embraer EMB 195";10
"95";"Austrian";"OS 455";2022-01-12 16:30:00;2022-01-12 16:51:00;"Departed";"EGLL";"Airbus A320-100/200";21
"96";"Austrian";"OS 171";2022-01-12 16:30:00;2022-01-12 16:43:00;"Departed";"EDDH";"Embraer EMB 195";13
"97";"Austrian";"OS 631";2021-12-18 17:05:00;2021-12-18 17:19:00;"Departed";"EPWA";"Embraer 195";14
"98";"Austrian";"OS 565";2021-12-18 16:50:00;2021-12-18 17:04:00;"Departed";"LSZH";"Embraer 195";14
"99";"Austrian";"OS 295";2021-12-18 16:45:00;2021-12-18 16:54:00;"Departed";"EDDV";"Embraer 195";9
"100";"Austrian";"OS 187";2021-12-18 16:45:00;2021-12-18 16:55:00;"Departed";"EDDS";"Embraer 195";10
"101";"Austrian";"OS 305";2021-12-18 16:40:00;2021-12-18 16:55:00;"Departed";"EKCH";"Airbus A320";15
"102";"Austrian";"OS 901";2021-12-18 16:40:00;2021-12-18 16:50:00;"Departed";"LOWI";"Embraer 195";10
"103";"Austrian";"OS 575";2021-12-18 16:35:00;2021-12-18 16:52:00;"Departed";"LSGG";"Embraer 195";17
"104";"Austrian";"OS 115";2021-12-18 16:30:00;2021-12-18 16:46:00;"Departed";"EDDM";"Embraer 195";16
"105";"Austrian";"OS 235";2021-12-18 16:25:00;2021-12-18 17:21:00;"Departed";"EDDB";"Embraer 195";56
"106";"Austrian";"OS 155";2021-12-18 16:25:00;2021-12-18 16:32:00;"Departed";"EDDL";"Embraer 195";7
"107";"Austrian";"OS 375";2021-12-18 16:20:00;2021-12-18 16:31:00;"Departed";"EHAM";"Embraer 195";11
"108";"Austrian";"OS 417";2021-12-18 16:20:00;2021-12-18 16:28:00;"Departed";"LFPG";"Airbus A320";8
"109";"Austrian";"OS 863";2021-12-18 12:45:00;2021-12-18 13:14:00;"Departed";"HECA";"Airbus A321";29
"110";"Austrian";"OS 861";2021-12-18 12:20:00;2021-12-18 12:23:00;"Departed";"LLBG";"Airbus A320";3
"111";"Austrian";"OS 757";2021-12-18 12:15:00;2021-12-18 12:27:00;"Departed";"LQSA";"Embraer 195";12
"112";"Austrian";"OS 963";2021-12-18 12:10:00;2021-12-18 12:09:00;"Departed";"LOWG";"Embraer 195";-1
"113";"Austrian";"OS 773";2021-12-18 12:10:00;2021-12-18 12:21:00;"Departed";"LYBE";"Embraer 195";11
"114";"Austrian";"OS 229";2021-12-18 12:05:00;2021-12-18 12:16:00;"Departed";"EDDB";"Airbus A320";11
"115";"Austrian";"OS 569";2021-12-18 12:00:00;2021-12-18 12:04:00;"Departed";"LSZH";"Airbus A319";4
"116";"Austrian";"OS 777";2021-12-18 11:55:00;2021-12-18 12:12:00;"Departed";"BKPR";"Airbus A320";17
"117";"Austrian";"OS 905";2021-12-18 11:55:00;2021-12-18 12:01:00;"Departed";"LOWI";"Embraer 195";6
"118";"Austrian";"OS 797";2021-12-18 11:50:00;2021-12-18 12:11:00;"Departed";"LBSF";"Airbus A320";21
"119";"Austrian";"OS 173";2021-12-18 11:40:00;2021-12-18 11:45:00;"Departed";"EDDH";"Embraer 195";5
"120";"Austrian";"OS 153";2021-12-18 11:40:00;2021-12-18 11:44:00;"Departed";"EDDL";"Embraer 195";4
"121";"Austrian";"OS 791";2021-12-18 11:35:00;2021-12-18 11:56:00;"Departed";"LROP";"Airbus A320";21
"122";"Austrian";"OS 661";2021-12-18 11:05:00;2021-12-18 11:42:00;"Departed";"UKBB";"Embraer 195";37
"123";"Austrian";"OS 461";2021-12-18 10:35:00;2021-12-18 10:42:00;"Departed";"EGLL";"Airbus A321";7
"124";"Austrian";"OS 801";2021-12-18 10:00:00;2021-12-18 10:15:00;"Departed";"LGAV";"Airbus A320";15
"125";"Austrian";"OS 9503";2021-12-18 09:55:00;2021-12-18 10:05:00;"Departed";"GCLP";"Airbus A320";10
"126";"Austrian";"OS 87";2021-12-18 09:45:00;2021-12-18 10:05:00;"Departed";"KJFK";"Boeing 767-300 (winglets)";20
"127";"Austrian";"OS 73";2021-12-18 09:35:00;2021-12-18 09:57:00;"Departed";"CYUL";"Boeing 767-300 (winglets)";22
"128";"Austrian";"OS 93";2021-12-18 09:35:00;2021-12-18 09:54:00;"Departed";"KIAD";"Boeing 767-300 (winglets)";19
"129";"Austrian";"OS 129";2021-12-18 09:10:00;2021-12-18 09:16:00;"Departed";"EDDF";"Airbus A320";6
"130";"Austrian";"OS 385";2021-12-18 08:40:00;2021-12-18 09:02:00;"Departed";"LEMG";"Airbus A320";22
"131";"Austrian";"OS 705";2021-12-18 08:20:00;2021-12-18 08:24:00;"Departed";"LKPR";"Embraer EMB 195";4
"132";"Austrian";"OS 625";2021-12-18 07:20:00;2021-12-18 07:24:00;"Departed";"EPWA";"Embraer EMB 195";4
"133";"Austrian";"OS 177";2021-12-18 06:50:00;2021-12-18 06:48:00;"Departed";"EDDS";"Embraer 195";-2
"134";"Austrian";"OS 223";2021-12-18 06:40:00;2021-12-18 06:49:00;"Departed";"EDDB";"Airbus A320";9
"135";"Austrian";"OS 291";2021-12-18 06:40:00;2021-12-18 06:51:00;"Departed";"EDDV";"Embraer 195";11
"136";"Austrian";"OS 471";2021-12-18 06:40:00;2021-12-18 06:43:00;"Departed";"LFSB";"Embraer 195";3
"137";"Austrian";"OS 571";2021-12-18 06:35:00;2021-12-18 06:44:00;"Departed";"LSGG";"Airbus A320";9
"138";"Austrian";"OS 561";2021-12-18 06:35:00;2021-12-18 06:47:00;"Departed";"LSZH";"Airbus A320";12
"139";"Austrian";"OS 175";2021-12-18 06:35:00;2021-12-18 06:51:00;"Departed";"EDDH";"Airbus A319";16
"140";"Austrian";"OS 151";2021-12-18 06:35:00;2021-12-18 06:34:00;"Departed";"EDDL";"Embraer EMB 195";-1
"141";"Austrian";"OS 371";2021-12-18 06:15:00;2021-12-18 06:42:00;"Departed";"EHAM";"Airbus A320";27
"142";"Austrian";"OS 351";2021-12-18 06:15:00;2021-12-18 06:27:00;"Departed";"EBBR";"Airbus A320-100/200";12
"143";"Austrian";"OS 121";2021-12-18 06:15:00;2021-12-18 06:32:00;"Departed";"EDDF";"Airbus A320-100/200";17
"144";"Austrian";"OS 411";2021-12-18 06:10:00;2021-12-18 07:28:00;"Departed";"LFPG";"Airbus A320-100/200";78
"145";"Austrian";"OS 111";2021-12-18 06:05:00;2021-12-18 06:15:00;"Departed";"EDDM";"Embraer 195";10
"146";"Austrian";"OS 451";2021-12-18 05:45:00;2021-12-18 05:52:00;"Departed";"EGLL";"Airbus A320";7
"147";"Austrian";"OS 25";2021-12-17 22:20:00;2021-12-17 22:25:00;"Departed";"VTBS";"Boeing 777-200";5
"148";"Austrian";"OS 679";2021-12-17 21:45:00;2021-12-17 22:02:00;"Departed";"UKDE";"Embraer 195";17
"149";"Austrian";"OS 975";2021-12-17 21:45:00;2021-12-17 21:54:00;"Departed";"LOWG";"Embraer EMB 195";9
"150";"Austrian";"OS 849";2021-12-17 21:40:00;2021-12-17 22:05:00;"Departed";"LATI";"Airbus A320";25
"151";"Austrian";"OS 641";2021-12-17 21:30:00;2021-12-17 21:48:00;"Departed";"UDYZ";"Airbus A320";18
"152";"Austrian";"OS 737";2021-12-17 21:10:00;2021-12-17 21:28:00;"Departed";"LYBE";"Embraer 195";18
"153";"Austrian";"OS 711";2021-12-17 21:05:00;2021-12-17 21:16:00;"Departed";"LKPR";"Embraer 195";11
"154";"Austrian";"OS 759";2021-12-17 20:55:00;2021-12-17 21:10:00;"Departed";"LQSA";"Embraer 195";15
"155";"Austrian";"OS 627";2021-12-17 20:45:00;2021-12-17 20:56:00;"Departed";"EPWA";"Embraer 195";11
"156";"Austrian";"OS 317";2021-12-17 20:00:00;2021-12-17 20:09:00;"Departed";"ESSA";"Airbus A320";9
"157";"Austrian";"OS 239";2021-12-17 19:55:00;2021-12-17 20:06:00;"Departed";"EDDB";"Airbus A320";11
"158";"Austrian";"OS 167";2021-12-17 19:45:00;2021-12-17 19:50:00;"Departed";"EDDH";"Airbus A320";5
"159";"Austrian";"OS 419";2021-12-17 19:25:00;2021-12-17 19:45:00;"Departed";"LFPG";"Airbus A320";20
"160";"Austrian";"OS 457";2021-12-17 19:15:00;2021-12-17 19:26:00;"Departed";"EGLL";"Airbus A320";11
"161";"Austrian";"OS 127";2021-12-17 19:10:00;2021-12-17 19:17:00;"Departed";"EDDF";"Airbus A320";7
"162";"Austrian";"OS 117";2021-12-17 18:50:00;2021-12-17 19:08:00;"Departed";"EDDM";"Embraer 195";18
"163";"Austrian";"OS 45";2021-12-17 18:50:00;2021-12-17 19:09:00;"Departed";"VRMM";"Boeing 777-200";19
"164";"Austrian";"OS 549";2021-12-17 16:55:00;2021-12-17 17:04:00;"Departed";"LIPE";"Embraer 195";9
"165";"Austrian";"OS 565";2021-12-17 16:50:00;2021-12-17 17:06:00;"Departed";"LSZH";"Airbus A319";16
"166";"Austrian";"OS 187";2021-12-17 16:45:00;2021-12-17 16:53:00;"Departed";"EDDS";"Embraer EMB 195";8
"167";"Austrian";"OS 505";2021-12-17 16:45:00;2021-12-17 16:56:00;"Departed";"LIRF";"Airbus A320";11
"168";"Austrian";"OS 295";2021-12-17 16:45:00;2021-12-17 17:00:00;"Departed";"EDDV";"Embraer 195";15
"169";"Austrian";"OS 305";2021-12-17 16:40:00;2021-12-17 17:04:00;"Departed";"EKCH";"Embraer 195";24
"170";"Austrian";"OS 473";2021-12-17 16:40:00;2021-12-17 16:51:00;"Departed";"LFSB";"Embraer 195";11
"171";"Austrian";"OS 195";2021-12-17 16:35:00;2021-12-17 16:49:00;"Departed";"EDDK";"Embraer 195";14
"172";"Austrian";"OS 575";2021-12-17 16:35:00;2021-12-17 16:59:00;"Departed";"LSGG";"Embraer 195";24
"173";"Austrian";"OS 125";2021-12-17 16:35:00;2021-12-17 17:10:00;"Departed";"EDDF";"Airbus A320";35
"174";"Austrian";"OS 355";2021-12-17 16:30:00;2021-12-17 16:43:00;"Departed";"EBBR";"Airbus A320";13
"175";"Austrian";"OS 455";2021-12-17 16:30:00;2021-12-17 16:45:00;"Departed";"EGLL";"Airbus A320";15
"176";"Austrian";"OS 235";2021-12-17 16:25:00;2021-12-17 16:40:00;"Delayed";"EDDB";"Airbus A320";15
"177";"Austrian";"OS 393";2021-12-17 16:25:00;2021-12-17 16:25:00;"Departed";"LEBL";"Embraer EMB 195";0
"178";"Austrian";"OS 235";2021-12-17 16:25:00;2021-12-17 16:58:00;"Departed";"EDDB";"Airbus A320";33
"179";"Austrian";"OS 155";2021-12-17 16:25:00;2021-12-17 17:14:00;"Departed";"EDDL";"Airbus A320";49
"180";"Austrian";"OS 375";2021-12-17 16:20:00;2021-12-17 16:22:00;"Departed";"EHAM";"Airbus A320-100/200";2
"181";"Austrian";"OS 417";2021-12-17 16:20:00;2021-12-17 16:29:00;"Departed";"LFPG";"Airbus A320-100/200";9
"182";"Austrian";"OS 131";2021-12-17 14:10:00;2021-12-17 14:15:00;"Departed";"EDDF";"Airbus A320";5
"183";"Austrian";"OS 231";2021-12-17 14:00:00;2021-12-17 14:03:00;"Departed";"EDDB";"Airbus A320";3
"184";"Austrian";"OS 863";2021-12-17 12:45:00;2021-12-17 13:05:00;"Departed";"HECA";"Airbus A320";20
"185";"Austrian";"OS 871";2021-12-17 12:15:00;2021-12-17 12:52:00;"Departed";"OIIE";"Airbus A321";37
"186";"Austrian";"OS 939";2021-12-17 12:15:00;2021-12-17 13:35:00;"Delayed";"LOWK";"Embraer 195";80
"187";"Austrian";"OS 757";2021-12-17 12:15:00;2021-12-17 12:30:00;"Departed";"LQSA";"Embraer EMB 195";15
"188";"Austrian";"OS 963";2021-12-17 12:10:00;2021-12-17 12:17:00;"Departed";"LOWG";"Embraer 195";7
"189";"Austrian";"OS 861";2021-12-17 12:10:00;2021-12-17 12:21:00;"Departed";"LLBG";"Airbus A320-100/200";11
"190";"Austrian";"OS 415";2021-12-17 12:10:00;2021-12-17 12:22:00;"Departed";"LFPG";"Airbus A321-100/200";12
"191";"Austrian";"OS 773";2021-12-17 12:10:00;2021-12-17 12:25:00;"Departed";"LYBE";"Embraer EMB 195";15
"192";"Austrian";"OS 229";2021-12-17 12:05:00;2021-12-17 12:15:00;"Departed";"EDDB";"Airbus A320";10
"193";"Austrian";"OS 183";2021-12-17 12:05:00;2021-12-17 12:16:00;"Departed";"EDDS";"Embraer 195";11
"194";"Austrian";"OS 381";2021-12-17 12:05:00;2021-12-17 12:28:00;"Departed";"UKLL";"Embraer EMB 195";23
"195";"Austrian";"OS 569";2021-12-17 12:00:00;2021-12-17 12:14:00;"Departed";"LSZH";"Airbus A320";14
"196";"Austrian";"OS 905";2021-12-17 11:55:00;2021-12-17 12:10:00;"Departed";"LOWI";"Embraer 195";15
"197";"Austrian";"OS 727";2021-12-17 11:55:00;2021-12-17 12:12:00;"Departed";"LYPG";"Airbus A320";17
"198";"Austrian";"OS 797";2021-12-17 11:50:00;2021-12-17 12:24:00;"Departed";"LBSF";"Airbus A320-100/200";34
"199";"Austrian";"OS 655";2021-12-17 11:45:00;2021-12-17 12:03:00;"Departed";"LUKK";"Embraer 195";18
"200";"Austrian";"OS 173";2021-12-17 11:40:00;2021-12-17 11:48:00;"Departed";"EDDH";"Airbus A320";8
"201";"Austrian";"OS 153";2021-12-17 11:40:00;2021-12-17 11:51:00;"Departed";"EDDL";"Airbus A320";11
"202";"Austrian";"OS 809";2021-12-17 11:35:00;2021-12-17 11:45:00;"Departed";"LGTS";"Airbus A320";10
"203";"Austrian";"OS 791";2021-12-17 11:35:00;2021-12-17 12:00:00;"Departed";"LROP";"Airbus A320";25
"204";"Austrian";"OS 777";2021-12-17 11:35:00;2021-12-17 11:55:00;"Departed";"BKPR";"Embraer 195";20
"205";"Austrian";"OS 831";2021-12-17 11:35:00;2021-12-17 12:07:00;"Departed";"LCLK";"Airbus A320";32
"206";"Austrian";"OS 763";2021-12-17 11:25:00;2021-12-17 11:56:00;"Departed";"LBWN";"Airbus A320";31
"207";"Austrian";"OS 661";2021-12-17 11:05:00;2021-12-17 11:26:00;"Departed";"UKBB";"Embraer EMB 195";21
"208";"Austrian";"OS 461";2021-12-17 10:35:00;2021-12-17 10:46:00;"Departed";"EGLL";"Airbus A321";11
"209";"Austrian";"OS 801";2021-12-17 10:00:00;2021-12-17 10:00:00;"Departed";"LGAV";"Airbus A320-200";0
"210";"Austrian";"OS 853";2021-12-17 09:30:00;2021-12-17 09:48:00;"Departed";"OJAI";"Embraer 195";18
"211";"Austrian";"OS 89";2021-12-17 09:25:00;2021-12-17 09:42:00;"Departed";"KEWR";"Boeing 767-300 (winglets)";17
"212";"Austrian";"OS 335";2021-12-17 09:20:00;2021-12-17 09:26:00;"Departed";"ENGM";"Airbus A321";6
"213";"Austrian";"OS 463";2021-12-17 09:20:00;2021-12-17 09:29:00;"Departed";"EGCC";"Airbus A320";9
"214";"Austrian";"OS 129";2021-12-17 09:10:00;2021-12-17 09:24:00;"Departed";"EDDF";"Airbus A320";14
"215";"Austrian";"OS 705";2021-12-17 08:20:00;2021-12-17 08:28:00;"Departed";"LKPR";"Embraer EMB 195";8
"216";"Austrian";"OS 521";2021-12-17 08:00:00;2021-12-17 08:07:00;"Departed";"LIPZ";"Embraer 195";7
"217";"Austrian";"OS 625";2021-12-17 07:20:00;2021-12-17 07:19:00;"Departed";"EPWA";"Embraer EMB 195";-1
"218";"Austrian";"OS 177";2021-12-17 06:50:00;2021-12-17 07:01:00;"Departed";"EDDS";"Airbus A320";11
"219";"Austrian";"OS 223";2021-12-17 06:40:00;2021-12-17 06:43:00;"Departed";"EDDB";"Embraer 195";3
"220";"Austrian";"OS 291";2021-12-17 06:40:00;2021-12-17 07:00:00;"Departed";"EDDV";"Embraer 195";20
"221";"Austrian";"OS 571";2021-12-17 06:35:00;2021-12-17 06:43:00;"Departed";"LSGG";"Embraer 195";8
"222";"Austrian";"OS 561";2021-12-17 06:35:00;2021-12-17 06:44:00;"Departed";"LSZH";"Airbus A320";9
"223";"Austrian";"OS 351";2021-12-17 06:15:00;2021-12-17 06:49:00;"Departed";"EBBR";"Airbus A320";34
"224";"Austrian";"OS 121";2021-12-17 06:15:00;2021-12-17 06:32:00;"Departed";"EDDF";"Airbus A321";17
"225";"Austrian";"OS 411";2021-12-17 06:10:00;2021-12-17 06:20:00;"Departed";"LFPG";"Airbus A320";10
"226";"Austrian";"OS 111";2021-12-17 06:05:00;2021-12-17 06:14:00;"Departed";"EDDM";"Embraer 195";9
"227";"Austrian";"OS 451";2021-12-17 05:45:00;2021-12-17 05:53:00;"Departed";"EGLL";"Airbus A320";8
"228";"Austrian";"OS 311";2021-12-17 05:35:00;2021-12-17 05:44:00;"Departed";"ESSA";"Airbus A320";9
"229";"Austrian";"OS 25";2021-12-16 22:20:00;2021-12-16 22:46:00;"Departed";"VTBS";"Boeing 777-200";26
"230";"Austrian";"OS 975";2021-12-16 21:45:00;2021-12-16 21:54:00;"Departed";"LOWG";"Embraer EMB 195";9
"231";"Austrian";"OS 849";2021-12-16 21:40:00;2021-12-16 21:48:00;"Departed";"LATI";"Airbus A320";8
"232";"Austrian";"OS 775";2021-12-16 21:40:00;2021-12-16 21:57:00;"Departed";"LWSK";"Embraer 195";17
"233";"Austrian";"OS 641";2021-12-16 21:30:00;2021-12-16 21:45:00;"Departed";"UDYZ";"Airbus A320";15
"234";"Austrian";"OS 737";2021-12-16 21:10:00;2021-12-16 21:28:00;"Departed";"LYBE";"Embraer EMB 195";18
"235";"Austrian";"OS 711";2021-12-16 21:05:00;2021-12-16 21:16:00;"Departed";"LKPR";"Embraer EMB 195";11
"236";"Austrian";"OS 767";2021-12-16 21:05:00;2021-12-16 21:21:00;"Departed";"LROP";"Airbus A319";16
"237";"Austrian";"OS 759";2021-12-16 20:55:00;2021-12-16 21:06:00;"Departed";"LQSA";"Airbus A320";11
"238";"Austrian";"OS 913";2021-12-16 20:55:00;2021-12-16 21:10:00;"Departed";"LOWI";"Embraer 195";15
"239";"Austrian";"OS 317";2021-12-16 20:00:00;2021-12-16 20:09:00;"Departed";"ESSA";"Airbus A321";9
"240";"Austrian";"OS 167";2021-12-16 19:45:00;2021-12-16 19:48:00;"Departed";"EDDH";"Airbus A320";3
"241";"Austrian";"OS 17";2021-12-16 19:25:00;2021-12-16 19:52:00;"Departed";"FIMP";"Boeing 777-200";27
"242";"Austrian";"OS 457";2021-12-16 19:15:00;2021-12-16 19:17:00;"Departed";"EGLL";"Airbus A320";2
"243";"Austrian";"OS 859";2021-12-16 19:15:00;2021-12-16 19:21:00;"Departed";"LLBG";"Airbus A320";6
"244";"Austrian";"OS 127";2021-12-16 19:10:00;2021-12-16 19:15:00;"Departed";"EDDF";"Airbus A320";5
"245";"Austrian";"OS 631";2021-12-16 17:05:00;2021-12-16 17:15:00;"Departed";"EPWA";"Embraer 195";10
"246";"Austrian";"OS 549";2021-12-16 16:50:00;2021-12-16 16:53:00;"Departed";"LIPE";"Embraer 195";3
"247";"Austrian";"OS 515";2021-12-16 16:50:00;2021-12-16 17:35:00;"Delayed";"LIMC";"Embraer 195";45
"248";"Austrian";"OS 565";2021-12-16 16:50:00;2021-12-16 16:56:00;"Departed";"LSZH";"Airbus A320";6
"249";"Austrian";"OS 187";2021-12-16 16:45:00;2021-12-16 16:48:00;"Departed";"EDDS";"Embraer 195";3
"250";"Austrian";"OS 295";2021-12-16 16:45:00;2021-12-16 16:56:00;"Departed";"EDDV";"Embraer 195";11
"251";"Austrian";"OS 505";2021-12-16 16:45:00;2021-12-16 16:51:00;"Departed";"LIRF";"Airbus A320";6
"252";"Austrian";"OS 305";2021-12-16 16:40:00;2021-12-16 16:58:00;"Departed";"EKCH";"Embraer 195";18
"253";"Austrian";"OS 315";2021-12-16 16:40:00;2021-12-16 16:53:00;"Departed";"ESSA";"Airbus A320";13
"254";"Austrian";"OS 473";2021-12-16 16:40:00;2021-12-16 16:52:00;"Departed";"LFSB";"Embraer 195";12
"255";"Austrian";"OS 575";2021-12-16 16:35:00;2021-12-16 16:44:00;"Departed";"LSGG";"Embraer 195";9
"256";"Austrian";"OS 195";2021-12-16 16:35:00;2021-12-16 16:32:00;"Departed";"EDDK";"Embraer EMB 195";-3
"257";"Austrian";"OS 355";2021-12-16 16:30:00;2021-12-16 16:45:00;"Departed";"EBBR";"Embraer 195";15
"258";"Austrian";"OS 455";2021-12-16 16:30:00;2021-12-16 16:43:00;"Departed";"EGLL";"Airbus A320";13
"259";"Austrian";"OS 115";2021-12-16 16:30:00;2021-12-16 16:33:00;"Departed";"EDDM";"Embraer EMB 195";3
"260";"Austrian";"OS 213";2021-12-16 16:25:00;2021-12-16 16:30:00;"Departed";"EDDN";"Embraer EMB 195";5
"261";"Austrian";"OS 155";2021-12-16 16:25:00;2021-12-16 16:36:00;"Departed";"EDDL";"Airbus A319";11
"262";"Austrian";"OS 417";2021-12-16 16:20:00;2021-12-16 16:29:00;"Departed";"LFPG";"Airbus A320-100/200";9
"263";"Austrian";"OS 375";2021-12-16 16:20:00;2021-12-16 16:30:00;"Departed";"EHAM";"Embraer EMB 195";10
"264";"Austrian";"OS 131";2021-12-16 14:10:00;2021-12-16 14:13:00;"Departed";"EDDF";"Airbus A320";3
"265";"Austrian";"OS 773";2021-12-16 12:10:00;2021-12-16 12:17:00;"Departed";"LYBE";"Embraer 195";7
"266";"Austrian";"OS 381";2021-12-16 12:05:00;2021-12-16 12:17:00;"Departed";"UKLL";"Embraer 195";12
"267";"Austrian";"OS 569";2021-12-16 12:00:00;2021-12-16 12:11:00;"Departed";"LSZH";"Airbus A320";11
"268";"Austrian";"OS 905";2021-12-16 11:55:00;2021-12-16 11:57:00;"Departed";"LOWI";"Embraer 195";2
"269";"Austrian";"OS 727";2021-12-16 11:55:00;2021-12-16 12:16:00;"Departed";"LYPG";"Airbus A320";21
"270";"Austrian";"OS 655";2021-12-16 11:45:00;2021-12-16 11:59:00;"Departed";"LUKK";"Embraer 195";14
"271";"Austrian";"OS 173";2021-12-16 11:40:00;2021-12-16 11:50:00;"Departed";"EDDH";"Airbus A320";10
"272";"Austrian";"OS 809";2021-12-16 11:35:00;2021-12-16 11:45:00;"Departed";"LGTS";"Airbus A320";10
"273";"Austrian";"OS 777";2021-12-16 11:35:00;2021-12-16 11:54:00;"Departed";"BKPR";"Embraer 195";19
"274";"Austrian";"OS 791";2021-12-16 11:35:00;2021-12-16 11:57:00;"Departed";"LROP";"Airbus A320";22
"275";"Austrian";"OS 359";2021-12-16 11:30:00;2021-12-16 11:32:00;"Departed";"EBBR";"Airbus A320";2
"276";"Austrian";"OS 831";2021-12-16 11:30:00;2021-12-16 11:49:00;"Departed";"LCLK";"Airbus A320";19
"277";"Austrian";"OS 661";2021-12-16 11:05:00;2021-12-16 11:24:00;"Departed";"UKBB";"Embraer EMB 195";19
"278";"Austrian";"OS 9505";2021-12-16 10:30:00;2021-12-16 10:49:00;"Departed";"GCTS";"Airbus A320";19
"279";"Austrian";"OS 801";2021-12-16 10:00:00;2021-12-16 10:09:00;"Departed";"LGAV";"Airbus A320";9
"280";"Austrian";"OS 9503";2021-12-16 09:55:00;2021-12-16 10:55:00;"Departed";"GCLP";"Airbus A320";60
"281";"Austrian";"OS 87";2021-12-16 09:45:00;2021-12-16 10:07:00;"Departed";"KJFK";"Boeing 767-300 (winglets)";22
"282";"Austrian";"OS 95";2021-12-16 09:40:00;2021-12-16 10:06:00;"Departed";"MMUN";"Boeing 777-200";26
"283";"Austrian";"OS 93";2021-12-16 09:35:00;2021-12-16 10:03:00;"Departed";"KIAD";"Boeing 767-300 (winglets)";28
"284";"Austrian";"OS 829";2021-12-16 09:20:00;2021-12-16 09:22:00;"Departed";"ORER";"Airbus A320-100/200";2
"285";"Austrian";"OS 129";2021-12-16 09:10:00;2021-12-16 09:17:00;"Departed";"EDDF";"Airbus A320-100/200";7
"286";"Austrian";"OS 601";2021-12-16 09:00:00;2021-12-16 09:26:00;"Departed";"UUDD";"Airbus A320-100/200";26
"287";"Austrian";"OS 385";2021-12-16 08:40:00;2021-12-16 08:51:00;"Departed";"LEMG";"Embraer 195";11
"288";"Austrian";"OS 705";2021-12-16 08:20:00;2021-12-16 08:27:00;"Departed";"LKPR";"Embraer 195";7
"289";"Austrian";"OS 471";2021-12-16 06:40:00;2021-12-16 06:49:00;"Departed";"LFSB";"Embraer 195";9
"290";"Austrian";"OS 191";2021-12-16 06:35:00;2021-12-16 06:28:00;"Departed";"EDDK";"Embraer EMB 195";-7
"291";"Austrian";"OS 175";2021-12-16 06:35:00;2021-12-16 06:29:00;"Departed";"EDDH";"Embraer EMB 195";-6
"292";"Austrian";"OS 151";2021-12-16 06:35:00;2021-12-16 06:31:00;"Departed";"EDDL";"Embraer EMB 195";-4
"293";"Austrian";"OS 301";2021-12-16 06:20:00;2021-12-16 06:47:00;"Departed";"EKCH";"Airbus A319";27
"294";"Austrian";"OS 121";2021-12-16 06:15:00;2021-12-16 06:33:00;"Departed";"EDDF";"Airbus A320-100/200";18
"295";"Austrian";"OS 371";2021-12-16 06:15:00;2021-12-16 07:09:00;"Departed";"EHAM";"Embraer 195";54
"296";"Austrian";"OS 411";2021-12-16 06:10:00;2021-12-16 06:14:00;"Departed";"LFPG";"Airbus A320";4
"297";"Austrian";"OS 111";2021-12-16 06:05:00;2021-12-16 06:03:00;"Departed";"EDDM";"Airbus A320";-2
"298";"Austrian";"OS 391";2021-12-16 06:00:00;2021-12-16 06:09:00;"Departed";"LEBL";"Airbus A320";9
"299";"Austrian";"OS 451";2021-12-16 05:45:00;2021-12-16 05:59:00;"Departed";"EGLL";"Airbus A320";14
"300";"Austrian";"OS 25";2021-12-15 22:20:00;2021-12-15 22:45:00;"Departed";"VTBS";"Boeing 777-200";25
"301";"Austrian";"OS 775";2021-12-15 21:40:00;2021-12-15 21:45:00;"Departed";"LWSK";"Embraer 195";5
"302";"Austrian";"OS 849";2021-12-15 21:40:00;2021-12-15 21:46:00;"Departed";"LATI";"Airbus A320";6
"303";"Austrian";"OS 767";2021-12-15 21:05:00;2021-12-15 21:18:00;"Departed";"LROP";"Airbus A320";13
"304";"Austrian";"OS 711";2021-12-15 21:05:00;2021-12-15 21:10:00;"Departed";"LKPR";"Embraer 195";5
"305";"Austrian";"OS 759";2021-12-15 20:55:00;2021-12-15 21:02:00;"Departed";"LQSA";"Airbus A320";7
"306";"Austrian";"OS 239";2021-12-15 19:55:00;2021-12-15 19:54:00;"Departed";"EDDB";"Airbus A320-100/200";-1
"307";"Austrian";"OS 167";2021-12-15 19:45:00;2021-12-15 19:45:00;"Departed";"EDDH";"Airbus A320-100/200";0
"308";"Austrian";"OS 419";2021-12-15 19:25:00;2021-12-15 19:30:00;"Departed";"LFPG";"Airbus A320";5
"309";"Austrian";"OS 457";2021-12-15 19:15:00;2021-12-15 19:24:00;"Departed";"EGLL";"Airbus A320";9
"310";"Austrian";"OS 45";2021-12-15 18:50:00;2021-12-15 19:08:00;"Departed";"VRMM";"Boeing 777-200";18
"311";"Austrian";"OS 117";2021-12-15 18:50:00;2021-12-15 19:25:00;"Departed";"EDDM";"Embraer 195";35
"312";"Austrian";"OS 863";2021-12-15 12:45:00;2021-12-15 13:15:00;"Departed";"HECA";"Airbus A320";30
"313";"Austrian";"OS 741";2021-12-15 12:30:00;2021-12-15 12:42:00;"Departed";"LZKZ";"Embraer 195";12
"314";"Austrian";"OS 313";2021-12-15 12:25:00;2021-12-15 12:34:00;"Departed";"ESSA";"Airbus A321-100/200";9
"315";"Austrian";"OS 861";2021-12-15 12:20:00;2021-12-15 12:23:00;"Departed";"LLBG";"Airbus A320-100/200";3
"316";"Austrian";"OS 871";2021-12-15 12:15:00;2021-12-15 12:48:00;"Departed";"OIIE";"Airbus A321";33
"317";"Austrian";"OS 757";2021-12-15 12:15:00;2021-12-15 12:19:00;"Departed";"LQSA";"Embraer 195";4
"318";"Austrian";"OS 229";2021-12-15 12:05:00;2021-12-15 12:08:00;"Departed";"EDDB";"Embraer 195";3
"319";"Austrian";"OS 905";2021-12-15 11:55:00;2021-12-15 12:05:00;"Departed";"LOWI";"Embraer 195";10
"320";"Austrian";"OS 797";2021-12-15 11:50:00;2021-12-15 11:59:00;"Departed";"LBSF";"Embraer 195";9
"321";"Austrian";"OS 791";2021-12-15 11:35:00;2021-12-15 11:46:00;"Departed";"LROP";"Airbus A319";11
"322";"Austrian";"OS 777";2021-12-15 11:35:00;2021-12-15 11:56:00;"Departed";"BKPR";"Embraer 195";21
"323";"Austrian";"OS 763";2021-12-15 11:25:00;2021-12-15 11:43:00;"Departed";"LBWN";"Airbus A320";18
"324";"Austrian";"OS 619";2021-12-15 11:25:00;2021-12-15 11:48:00;"Departed";"UKOO";"Embraer 195";23
"325";"Austrian";"OS 661";2021-12-15 11:05:00;2021-12-15 11:16:00;"Departed";"UKBB";"Embraer EMB 195";11
"326";"Austrian";"OS 801";2021-12-15 10:00:00;2021-12-15 09:58:00;"Departed";"LGAV";"Airbus A320";-2
"327";"Austrian";"OS 73";2021-12-15 09:35:00;2021-12-15 09:51:00;"Departed";"CYUL";"Boeing 767-300 (winglets)";16
"328";"Austrian";"OS 129";2021-12-15 09:10:00;2021-12-15 09:20:00;"Departed";"EDDF";"Airbus A320";10
"329";"Austrian";"OS 601";2021-12-15 09:00:00;2021-12-15 09:16:00;"Departed";"UUDD";"Embraer 195";16
"330";"Austrian";"OS 705";2021-12-15 08:20:00;2021-12-15 08:25:00;"Departed";"LKPR";"Embraer EMB 195";5
"331";"Austrian";"OS 521";2021-12-15 08:00:00;2021-12-15 07:55:00;"Departed";"LIPZ";"Embraer 195";-5
"332";"Austrian";"OS 177";2021-12-15 06:50:00;2021-12-15 06:56:00;"Departed";"EDDS";"Embraer EMB 195";6
"333";"Austrian";"OS 223";2021-12-15 06:40:00;2021-12-15 06:46:00;"Departed";"EDDB";"Embraer 195";6
"334";"Austrian";"OS 571";2021-12-15 06:35:00;2021-12-15 06:45:00;"Departed";"LSGG";"Embraer 195";10
"335";"Austrian";"OS 175";2021-12-15 06:35:00;2021-12-15 06:42:00;"Departed";"EDDH";"Embraer 195";7
"336";"Austrian";"OS 151";2021-12-15 06:35:00;2021-12-15 06:42:00;"Departed";"EDDL";"Embraer 195";7
"337";"Austrian";"OS 301";2021-12-15 06:20:00;2021-12-15 06:25:00;"Departed";"EKCH";"Airbus A320-100/200";5
"338";"Austrian";"OS 351";2021-12-15 06:15:00;2021-12-15 06:21:00;"Departed";"EBBR";"Embraer EMB 195";6
"339";"Austrian";"OS 121";2021-12-15 06:15:00;2021-12-15 06:26:00;"Departed";"EDDF";"Airbus A320-100/200";11
"340";"Austrian";"OS 371";2021-12-15 06:15:00;2021-12-15 06:22:00;"Departed";"EHAM";"Embraer EMB 195";7
"341";"Austrian";"OS 411";2021-12-15 06:10:00;2021-12-15 06:18:00;"Departed";"LFPG";"Airbus A319";8
"342";"Austrian";"OS 111";2021-12-15 06:05:00;2021-12-15 06:29:00;"Departed";"EDDM";"Airbus A320-100/200";24
"343";"Austrian";"OS 451";2021-12-15 05:45:00;2021-12-15 05:54:00;"Departed";"EGLL";"Airbus A320";9
"344";"Austrian";"OS 975";2021-12-14 21:45:00;2021-12-14 21:48:00;"Departed";"LOWG";"Embraer EMB 195";3
"345";"Austrian";"OS 775";2021-12-14 21:40:00;2021-12-14 21:42:00;"Departed";"LWSK";"Embraer 195";2
"346";"Austrian";"OS 849";2021-12-14 21:40:00;2021-12-14 21:47:00;"Departed";"LATI";"Airbus A319";7
"347";"Austrian";"OS 767";2021-12-14 21:05:00;2021-12-14 21:13:00;"Departed";"LROP";"Airbus A320";8
"348";"Austrian";"OS 759";2021-12-14 20:55:00;2021-12-14 21:09:00;"Departed";"LQSA";"Airbus A320";14
"349";"Austrian";"OS 17";2021-12-14 19:25:00;2021-12-14 19:48:00;"Departed";"FIMP";"Boeing 777-200";23
"350";"Austrian";"OS 729";2021-12-14 18:50:00;2021-12-14 18:56:00;"Departed";"LYPG";"Embraer 195";6
"351";"Austrian";"OS 305";2021-12-14 16:40:00;2021-12-14 16:44:00;"Departed";"EKCH";"Embraer 195";4
"352";"Austrian";"OS 575";2021-12-14 16:35:00;2021-12-14 16:45:00;"Departed";"LSGG";"Embraer 195";10
"353";"Austrian";"OS 853";2021-12-14 12:20:00;2021-12-14 12:57:00;"Departed";"OJAI";"Airbus A320";37
"354";"Austrian";"OS 757";2021-12-14 12:15:00;2021-12-14 12:22:00;"Departed";"LQSA";"Embraer 195";7
"355";"Austrian";"OS 905";2021-12-14 11:55:00;2021-12-14 12:05:00;"Departed";"LOWI";"Embraer 195";10
"356";"Austrian";"OS 727";2021-12-14 11:55:00;2021-12-14 12:20:00;"Departed";"LYPG";"Embraer 195";25
"357";"Austrian";"OS 173";2021-12-14 11:40:00;2021-12-14 11:48:00;"Departed";"EDDH";"Airbus A319";8
"358";"Austrian";"OS 831";2021-12-14 11:35:00;2021-12-14 11:47:00;"Departed";"LCLK";"Airbus A320";12
"359";"Austrian";"OS 791";2021-12-14 11:35:00;2021-12-14 11:46:00;"Departed";"LROP";"Airbus A320";11
"360";"Austrian";"OS 777";2021-12-14 11:35:00;2021-12-14 11:56:00;"Departed";"BKPR";"Embraer 195";21
"361";"Austrian";"OS 661";2021-12-14 11:05:00;2021-12-14 11:15:00;"Departed";"UKBB";"Embraer 195";10
"362";"Austrian";"OS 87";2021-12-14 09:45:00;2021-12-14 10:00:00;"Departed";"KJFK";"Boeing 767-300 (winglets)";15
"363";"Austrian";"OS 129";2021-12-14 09:10:00;2021-12-14 09:20:00;"Departed";"EDDF";"Embraer 195";10
"364";"Austrian";"OS 223";2021-12-14 06:40:00;2021-12-14 06:43:00;"Departed";"EDDB";"Embraer 195";3
"365";"Austrian";"OS 151";2021-12-14 06:35:00;2021-12-14 06:42:00;"Departed";"EDDL";"Embraer 195";7
"366";"Austrian";"OS 561";2021-12-14 06:35:00;2021-12-14 06:52:00;"Departed";"LSZH";"Embraer 195";17
"367";"Austrian";"OS 175";2021-12-14 06:35:00;2021-12-14 06:49:00;"Departed";"EDDH";"Embraer 195";14
"368";"Austrian";"OS 301";2021-12-14 06:20:00;2021-12-14 06:17:00;"Departed";"EKCH";"Embraer 195";-3
"369";"Austrian";"OS 351";2021-12-14 06:15:00;2021-12-14 06:22:00;"Departed";"EBBR";"Embraer 195";7
"370";"Austrian";"OS 121";2021-12-14 06:15:00;2021-12-14 06:32:00;"Departed";"EDDF";"Airbus A319";17
"371";"Austrian";"OS 371";2021-12-14 06:15:00;2021-12-14 06:23:00;"Departed";"EHAM";"Embraer EMB 195";8
"372";"Austrian";"OS 411";2021-12-14 06:10:00;2021-12-14 06:19:00;"Departed";"LFPG";"Embraer 195";9
"373";"Austrian";"OS 111";2021-12-14 06:05:00;2021-12-14 06:08:00;"Departed";"EDDM";"Embraer 195";3
"374";"Austrian";"OS 451";2021-12-14 05:45:00;2021-12-14 05:49:00;"Departed";"EGLL";"Airbus A320";4
"375";"Austrian";"OS 25";2021-12-13 22:20:00;2021-12-13 22:28:00;"Departed";"VTBS";"Boeing 777-200";8
"376";"Austrian";"OS 849";2021-12-13 21:40:00;2021-12-13 21:54:00;"Departed";"LATI";"Airbus A319";14
"377";"Austrian";"OS 711";2021-12-13 21:05:00;2021-12-13 21:10:00;"Departed";"LKPR";"Embraer 195";5
"378";"Austrian";"OS 767";2021-12-13 21:05:00;2021-12-13 21:09:00;"Departed";"LROP";"Airbus A320";4
"379";"Austrian";"OS 45";2021-12-13 18:50:00;2021-12-13 19:05:00;"Departed";"VRMM";"Boeing 777-200";15
"380";"Austrian";"OS 565";2021-12-13 16:50:00;2021-12-13 17:00:00;"Departed";"LSZH";"Airbus A320";10
"381";"Austrian";"OS 295";2021-12-13 16:45:00;2021-12-13 16:53:00;"Departed";"EDDV";"Embraer 195";8
"382";"Austrian";"OS 187";2021-12-13 16:45:00;2021-12-13 16:44:00;"Departed";"EDDS";"Embraer EMB 195";-1
"383";"Austrian";"OS 315";2021-12-13 16:40:00;2021-12-13 16:55:00;"Departed";"ESSA";"Embraer 195";15
"384";"Austrian";"OS 305";2021-12-13 16:40:00;2021-12-13 16:50:00;"Departed";"EKCH";"Airbus A319";10
"385";"Austrian";"OS 473";2021-12-13 16:40:00;2021-12-13 16:46:00;"Departed";"LFSB";"Embraer 195";6
"386";"Austrian";"OS 125";2021-12-13 16:35:00;2021-12-13 16:42:00;"Departed";"EDDF";"Airbus A320-100/200";7
"387";"Austrian";"OS 455";2021-12-13 16:30:00;2021-12-13 16:44:00;"Departed";"EGLL";"Airbus A320";14
"388";"Austrian";"OS 863";2021-12-13 12:45:00;2021-12-13 13:07:00;"Departed";"HECA";"Airbus A320";22
"389";"Austrian";"OS 871";2021-12-13 12:15:00;2021-12-13 12:40:00;"Delayed";"OIIE";"Airbus A321";25
"390";"Austrian";"OS 871";2021-12-13 12:15:00;2021-12-13 12:52:00;"Departed";"OIIE";"Airbus A321";37
"391";"Austrian";"OS 415";2021-12-13 12:10:00;2021-12-13 12:19:00;"Departed";"LFPG";"Airbus A320";9
"392";"Austrian";"OS 229";2021-12-13 12:05:00;2021-12-13 12:12:00;"Departed";"EDDB";"Airbus A320";7
"393";"Austrian";"OS 381";2021-12-13 12:05:00;2021-12-13 12:10:00;"Departed";"UKLL";"Embraer 195";5
"394";"Austrian";"OS 727";2021-12-13 11:55:00;2021-12-13 11:59:00;"Departed";"LYPG";"Embraer 195";4
"395";"Austrian";"OS 905";2021-12-13 11:55:00;2021-12-13 12:09:00;"Departed";"LOWI";"Embraer 195";14
"396";"Austrian";"OS 797";2021-12-13 11:50:00;2021-12-13 12:01:00;"Departed";"LBSF";"Airbus A319";11
"397";"Austrian";"OS 809";2021-12-13 11:35:00;2021-12-13 11:46:00;"Departed";"LGTS";"Airbus A320";11
"398";"Austrian";"OS 777";2021-12-13 11:35:00;2021-12-13 11:51:00;"Departed";"BKPR";"Embraer 195";16
"399";"Austrian";"OS 791";2021-12-13 11:35:00;2021-12-13 11:47:00;"Departed";"LROP";"Airbus A320";12
"400";"Austrian";"OS 801";2021-12-13 10:00:00;2021-12-13 10:04:00;"Departed";"LGAV";"Airbus A320";4
"401";"Austrian";"OS 89";2021-12-13 09:25:00;2021-12-13 09:36:00;"Departed";"KEWR";"Boeing 767-300 (winglets)";11
"402";"Austrian";"OS 335";2021-12-13 09:20:00;2021-12-13 09:25:00;"Departed";"ENGM";"Airbus A320";5
"403";"Austrian";"OS 463";2021-12-13 09:20:00;2021-12-13 09:27:00;"Departed";"EGCC";"Airbus A320";7
"404";"Austrian";"OS 65";2021-12-13 09:15:00;2021-12-13 09:54:00;"Departed";"KORD";"Boeing 767-300 (winglets)";39
"405";"Austrian";"OS 129";2021-12-13 09:10:00;2021-12-13 09:21:00;"Departed";"EDDF";"Airbus A320";11
"406";"Austrian";"OS 831";2021-12-13 08:40:00;2021-12-13 09:45:00;"Departed";"LCLK";"Airbus A320";65
"407";"Austrian";"OS 705";2021-12-13 08:20:00;2021-12-13 08:26:00;"Departed";"LKPR";"Embraer 195";6
"408";"Austrian";"OS 521";2021-12-13 08:00:00;2021-12-13 08:07:00;"Departed";"LIPZ";"Embraer 195";7
"409";"Austrian";"OS 625";2021-12-13 07:20:00;2021-12-13 07:23:00;"Departed";"EPWA";"Embraer 195";3
"410";"Austrian";"OS 291";2021-12-13 06:40:00;2021-12-13 06:45:00;"Departed";"EDDV";"Embraer 195";5
"411";"Austrian";"OS 223";2021-12-13 06:40:00;2021-12-13 06:46:00;"Departed";"EDDB";"Airbus A320";6
"412";"Austrian";"OS 151";2021-12-13 06:35:00;2021-12-13 06:47:00;"Departed";"EDDL";"Airbus A320";12
"413";"Austrian";"OS 561";2021-12-13 06:35:00;2021-12-13 07:10:00;"Departed";"LSZH";"Airbus A320";35
"414";"Austrian";"OS 403";2021-12-13 06:25:00;2021-12-13 06:30:00;"Departed";"LFLL";"Embraer 195";5
"415";"Austrian";"OS 301";2021-12-13 06:20:00;2021-12-13 06:27:00;"Departed";"EKCH";"Embraer 195";7
"416";"Austrian";"OS 351";2021-12-13 06:15:00;2021-12-13 06:31:00;"Departed";"EBBR";"Airbus A320";16
"417";"Austrian";"OS 121";2021-12-13 06:15:00;2021-12-13 06:26:00;"Departed";"EDDF";"Airbus A320";11
"418";"Austrian";"OS 371";2021-12-13 06:15:00;2021-12-13 06:25:00;"Departed";"EHAM";"Embraer 195";10
"419";"Austrian";"OS 411";2021-12-13 06:10:00;2021-12-13 06:21:00;"Departed";"LFPG";"Airbus A320";11
"420";"Austrian";"OS 111";2021-12-13 06:05:00;2021-12-13 06:11:00;"Departed";"EDDM";"Embraer 195";6
"421";"Austrian";"OS 451";2021-12-13 05:45:00;2021-12-13 05:51:00;"Departed";"EGLL";"Airbus A320";6
"422";"Austrian";"OS 311";2021-12-13 05:35:00;2021-12-13 05:45:00;"Departed";"ESSA";"Airbus A320";10
"423";"Austrian";"OS 679";2021-12-12 21:45:00;2021-12-12 21:53:00;"Departed";"UKDE";"Embraer 195";8
"424";"Austrian";"OS 975";2021-12-12 21:45:00;2021-12-12 21:45:00;"Departed";"LOWG";"Embraer EMB 195";0
"425";"Austrian";"OS 775";2021-12-12 21:40:00;2021-12-12 21:48:00;"Departed";"LWSK";"Embraer 195";8
"426";"Austrian";"OS 641";2021-12-12 21:30:00;2021-12-12 21:43:00;"Departed";"UDYZ";"Airbus A320";13
"427";"Austrian";"OS 737";2021-12-12 21:10:00;2021-12-12 21:23:00;"Departed";"LYBE";"Embraer 195";13
"428";"Austrian";"OS 711";2021-12-12 21:05:00;2021-12-12 21:10:00;"Departed";"LKPR";"Embraer 195";5
"429";"Austrian";"OS 767";2021-12-12 21:05:00;2021-12-12 21:21:00;"Departed";"LROP";"Airbus A320";16
"430";"Austrian";"OS 759";2021-12-12 20:55:00;2021-12-12 21:07:00;"Departed";"LQSA";"Airbus A320";12
"431";"Austrian";"OS 913";2021-12-12 20:55:00;2021-12-12 21:01:00;"Departed";"LOWI";"Embraer 195";6
"432";"Austrian";"OS 667";2021-12-12 20:50:00;2021-12-12 21:04:00;"Departed";"UKBB";"Embraer 195";14
"433";"Austrian";"OS 605";2021-12-12 20:30:00;2021-12-12 20:25:00;"Departed";"UUDD";"Airbus A320-100/200";-5
"434";"Austrian";"OS 317";2021-12-12 20:00:00;2021-12-12 20:06:00;"Departed";"ESSA";"Airbus A320";6
"435";"Austrian";"OS 239";2021-12-12 19:55:00;2021-12-12 19:58:00;"Departed";"EDDB";"Airbus A321";3
"436";"Austrian";"OS 167";2021-12-12 19:45:00;2021-12-12 19:50:00;"Departed";"EDDH";"Airbus A321";5
"437";"Austrian";"OS 419";2021-12-12 19:25:00;2021-12-12 19:32:00;"Departed";"LFPG";"Airbus A320-100/200";7
"438";"Austrian";"OS 377";2021-12-12 19:20:00;2021-12-12 19:29:00;"Departed";"EHAM";"Airbus A320-100/200";9
"439";"Austrian";"OS 457";2021-12-12 19:15:00;2021-12-12 19:28:00;"Departed";"EGLL";"Airbus A320-100/200";13
"440";"Austrian";"OS 127";2021-12-12 19:10:00;2021-12-12 19:23:00;"Departed";"EDDF";"Airbus A321-100/200";13
"441";"Austrian";"OS 117";2021-12-12 18:50:00;2021-12-12 19:30:00;"Departed";"EDDM";"Embraer EMB 195";40
"442";"Austrian";"OS 631";2021-12-12 17:05:00;2021-12-12 17:07:00;"Departed";"EPWA";"Embraer 195";2
"443";"Austrian";"OS 549";2021-12-12 16:50:00;2021-12-12 16:53:00;"Departed";"LIPE";"Airbus A319";3
"444";"Austrian";"OS 187";2021-12-12 16:45:00;2021-12-12 16:47:00;"Departed";"EDDS";"Embraer 195";2
"445";"Austrian";"OS 295";2021-12-12 16:45:00;2021-12-12 16:49:00;"Departed";"EDDV";"Embraer 195";4
"446";"Austrian";"OS 505";2021-12-12 16:45:00;2021-12-12 16:57:00;"Departed";"LIRF";"Airbus A321";12
"447";"Austrian";"OS 473";2021-12-12 16:40:00;2021-12-12 16:39:00;"Departed";"LFSB";"Embraer 195";-1
"448";"Austrian";"OS 473";2021-12-12 16:40:00;2021-12-12 16:39:00;"Departed";"LFSB";"Embraer 195";-1
"449";"Austrian";"OS 305";2021-12-12 16:40:00;2021-12-12 16:56:00;"Departed";"EKCH";"Airbus A320";16
"450";"Austrian";"OS 473";2021-12-12 16:40:00;2021-12-12 16:39:00;"Departed";"LFSB";"Embraer 195";-1
"451";"Austrian";"OS 195";2021-12-12 16:35:00;2021-12-12 16:40:00;"Departed";"EDDK";"Embraer 195";5
"452";"Austrian";"OS 575";2021-12-12 16:35:00;2021-12-12 16:41:00;"Departed";"LSGG";"Embraer 195";6
"453";"Austrian";"OS 125";2021-12-12 16:35:00;2021-12-12 16:45:00;"Departed";"EDDF";"Airbus A320";10
"454";"Austrian";"OS 195";2021-12-12 16:35:00;2021-12-12 16:40:00;"Departed";"EDDK";"Embraer 195";5
"455";"Austrian";"OS 575";2021-12-12 16:35:00;2021-12-12 16:41:00;"Departed";"LSGG";"Embraer 195";6
"456";"Austrian";"OS 125";2021-12-12 16:35:00;2021-12-12 16:45:00;"Departed";"EDDF";"Airbus A320";10
"457";"Austrian";"OS 115";2021-12-12 16:35:00;2021-12-12 16:46:00;"Departed";"EDDM";"Embraer EMB 195";11
"458";"Austrian";"OS 125";2021-12-12 16:35:00;2021-12-12 16:45:00;"Departed";"EDDF";"Airbus A320";10
"459";"Austrian";"OS 195";2021-12-12 16:35:00;2021-12-12 16:40:00;"Departed";"EDDK";"Embraer 195";5
"460";"Austrian";"OS 575";2021-12-12 16:35:00;2021-12-12 16:41:00;"Departed";"LSGG";"Embraer 195";6
"461";"Austrian";"OS 125";2021-12-12 16:35:00;2021-12-12 16:45:00;"Departed";"EDDF";"Airbus A320";10
"462";"Austrian";"OS 455";2021-12-12 16:30:00;2021-12-12 16:36:00;"Departed";"EGLL";"Airbus A320";6
"463";"Austrian";"OS 355";2021-12-12 16:30:00;2021-12-12 16:44:00;"Departed";"EBBR";"Airbus A320";14
"464";"Austrian";"OS 455";2021-12-12 16:30:00;2021-12-12 16:36:00;"Departed";"EGLL";"Airbus A320";6
"465";"Austrian";"OS 355";2021-12-12 16:30:00;2021-12-12 16:44:00;"Departed";"EBBR";"Airbus A320";14
"466";"Austrian";"OS 355";2021-12-12 16:30:00;2021-12-12 16:44:00;"Departed";"EBBR";"Airbus A320";14
"467";"Austrian";"OS 455";2021-12-12 16:30:00;2021-12-12 16:36:00;"Departed";"EGLL";"Airbus A320";6
"468";"Austrian";"OS 355";2021-12-12 16:30:00;2021-12-12 16:44:00;"Departed";"EBBR";"Airbus A320";14
"469";"Austrian";"OS 213";2021-12-12 16:25:00;2021-12-12 16:32:00;"Departed";"EDDN";"Embraer 195";7
"470";"Austrian";"OS 155";2021-12-12 16:25:00;2021-12-12 16:34:00;"Departed";"EDDL";"Airbus A320";9
"471";"Austrian";"OS 393";2021-12-12 16:25:00;2021-12-12 16:35:00;"Departed";"LEBL";"Airbus A320";10
"472";"Austrian";"OS 235";2021-12-12 16:25:00;2021-12-12 16:37:00;"Departed";"EDDB";"Airbus A320";12
"473";"Austrian";"OS 213";2021-12-12 16:25:00;2021-12-12 16:32:00;"Departed";"EDDN";"Embraer 195";7
"474";"Austrian";"OS 155";2021-12-12 16:25:00;2021-12-12 16:34:00;"Departed";"EDDL";"Airbus A320";9
"475";"Austrian";"OS 393";2021-12-12 16:25:00;2021-12-12 16:35:00;"Departed";"LEBL";"Airbus A320";10
"476";"Austrian";"OS 235";2021-12-12 16:25:00;2021-12-12 16:37:00;"Departed";"EDDB";"Airbus A320";12
"477";"Austrian";"OS 213";2021-12-12 16:25:00;2021-12-12 16:32:00;"Departed";"EDDN";"Embraer 195";7
"478";"Austrian";"OS 155";2021-12-12 16:25:00;2021-12-12 16:34:00;"Departed";"EDDL";"Airbus A320";9
"479";"Austrian";"OS 393";2021-12-12 16:25:00;2021-12-12 16:35:00;"Departed";"LEBL";"Airbus A320";10
"480";"Austrian";"OS 235";2021-12-12 16:25:00;2021-12-12 16:37:00;"Departed";"EDDB";"Airbus A320";12
"481";"Austrian";"OS 417";2021-12-12 16:20:00;2021-12-12 16:27:00;"Departed";"LFPG";"Airbus A320";7
"482";"Austrian";"OS 407";2021-12-12 16:20:00;2021-12-12 16:31:00;"Departed";"LFLL";"Embraer 195";11
"483";"Austrian";"OS 375";2021-12-12 16:20:00;2021-12-12 16:36:00;"Departed";"EHAM";"Embraer 195";16
"484";"Austrian";"OS 417";2021-12-12 16:20:00;2021-12-12 16:27:00;"Departed";"LFPG";"Airbus A320";7
"485";"Austrian";"OS 417";2021-12-12 16:20:00;2021-12-12 16:27:00;"Departed";"LFPG";"Airbus A320";7
"486";"Austrian";"OS 407";2021-12-12 16:20:00;2021-12-12 16:31:00;"Departed";"LFLL";"Embraer 195";11
"487";"Austrian";"OS 375";2021-12-12 16:20:00;2021-12-12 16:36:00;"Departed";"EHAM";"Embraer 195";16
"488";"Austrian";"OS 417";2021-12-12 16:20:00;2021-12-12 16:27:00;"Departed";"LFPG";"Airbus A320";7
"489";"Austrian";"OS 407";2021-12-12 16:20:00;2021-12-12 16:31:00;"Departed";"LFLL";"Embraer 195";11
"490";"Austrian";"OS 375";2021-12-12 16:20:00;2021-12-12 16:36:00;"Departed";"EHAM";"Embraer 195";16
"491";"Austrian";"OS 641";2021-11-25 21:30:00;2021-11-25 21:39:00;"Departed";"UDYZ";"Airbus A319";9
"492";"Austrian";"OS 737";2021-11-25 21:10:00;2021-11-25 21:21:00;"Departed";"LYBE";"Embraer 195";11
"493";"Austrian";"OS 767";2021-11-25 21:05:00;2021-11-25 21:18:00;"Departed";"LROP";"Airbus A320";13
"494";"Austrian";"OS 711";2021-11-25 21:05:00;2021-11-25 21:20:00;"Departed";"LKPR";"Embraer 195";15
"495";"Austrian";"OS 913";2021-11-25 20:55:00;2021-11-25 21:01:00;"Departed";"LOWI";"Embraer 195";6
"496";"Austrian";"OS 759";2021-11-25 20:55:00;2021-11-25 21:08:00;"Departed";"LQSA";"Embraer 195";13
"497";"Austrian";"OS 667";2021-11-25 20:50:00;2021-11-25 21:17:00;"Departed";"UKBB";"Airbus A320";27
"498";"Austrian";"OS 627";2021-11-25 20:45:00;2021-11-25 20:47:00;"Departed";"EPWA";"Embraer 195";2
"499";"Austrian";"OS 605";2021-11-25 20:30:00;2021-11-25 20:35:00;"Departed";"UUDD";"Airbus A320";5
"500";"Austrian";"OS 317";2021-11-25 20:00:00;2021-11-25 20:08:00;"Departed";"ESSA";"Airbus A320";8
"501";"Austrian";"OS 239";2021-11-25 19:55:00;2021-11-25 20:05:00;"Departed";"EDDB";"Airbus A320";10
"502";"Austrian";"OS 419";2021-11-25 19:25:00;2021-11-25 19:35:00;"Departed";"LFPG";"Airbus A320";10
"503";"Austrian";"OS 859";2021-11-25 19:15:00;2021-11-25 19:21:00;"Departed";"LLBG";"Airbus A320";6
"504";"Austrian";"OS 457";2021-11-25 19:15:00;2021-11-25 19:24:00;"Departed";"EGLL";"Airbus A320";9
"505";"Austrian";"OS 631";2021-11-25 17:05:00;2021-11-25 17:14:00;"Departed";"EPWA";"Embraer 195";9
"506";"Austrian";"OS 549";2021-11-25 16:50:00;2021-11-25 16:52:00;"Departed";"LIPE";"Embraer 195";2
"507";"Austrian";"OS 565";2021-11-25 16:50:00;2021-11-25 16:58:00;"Departed";"LSZH";"Airbus A319";8
"508";"Austrian";"OS 187";2021-11-25 16:45:00;2021-11-25 16:57:00;"Departed";"EDDS";"Embraer 195";12
"509";"Austrian";"OS 295";2021-11-25 16:45:00;2021-11-25 16:50:00;"Departed";"EDDV";"Embraer 195";5
"510";"Austrian";"OS 505";2021-11-25 16:45:00;2021-11-25 16:54:00;"Departed";"LIRF";"Embraer 195";9
"511";"Austrian";"OS 305";2021-11-25 16:40:00;2021-11-25 16:49:00;"Departed";"EKCH";"Embraer 195";9
"512";"Austrian";"OS 315";2021-11-25 16:40:00;2021-11-25 16:45:00;"Departed";"ESSA";"Embraer 195";5
"513";"Austrian";"OS 473";2021-11-25 16:40:00;2021-11-25 16:53:00;"Departed";"LFSB";"Embraer 195";13
"514";"Austrian";"OS 575";2021-11-25 16:35:00;2021-11-25 16:43:00;"Departed";"LSGG";"Embraer 195";8
"515";"Austrian";"OS 355";2021-11-25 16:30:00;2021-11-25 17:13:00;"Departed";"EBBR";"Embraer 195";43
"516";"Austrian";"OS 115";2021-11-25 16:30:00;2021-11-25 16:46:00;"Departed";"EDDM";"Embraer 195";16
"517";"Austrian";"OS 455";2021-11-25 16:30:00;2021-11-25 16:44:00;"Departed";"EGLL";"Airbus A320";14
"518";"Austrian";"OS 235";2021-11-25 16:25:00;2021-11-25 16:56:00;"Departed";"EDDB";"Airbus A320";31
"519";"Austrian";"OS 417";2021-11-25 16:20:00;2021-11-25 16:26:00;"Departed";"LFPG";"Airbus A320-100/200";6
"520";"Austrian";"OS 375";2021-11-25 16:20:00;2021-11-25 16:29:00;"Departed";"EHAM";"Airbus A320-100/200";9
"521";"Austrian";"OS 25";2021-11-25 14:45:00;2021-11-25 15:00:00;"Departed";"VTBS";"Boeing 777-200";15
"522";"Austrian";"OS 131";2021-11-25 14:10:00;2021-11-25 14:10:00;"Departed";"EDDF";"Airbus A320";0
"523";"Austrian";"OS 963";2021-11-25 12:10:00;2021-11-25 12:10:00;"Departed";"LOWG";"Embraer 195";0
"524";"Austrian";"OS 773";2021-11-25 12:10:00;2021-11-25 12:18:00;"Departed";"LYBE";"Embraer 195";8
"525";"Austrian";"OS 229";2021-11-25 12:05:00;2021-11-25 12:11:00;"Departed";"EDDB";"Airbus A320";6
"526";"Austrian";"OS 381";2021-11-25 12:05:00;2021-11-25 12:14:00;"Departed";"UKLL";"Embraer 195";9
"527";"Austrian";"OS 727";2021-11-25 11:55:00;2021-11-25 12:02:00;"Departed";"LYPG";"Embraer 195";7
"528";"Austrian";"OS 905";2021-11-25 11:55:00;2021-11-25 11:56:00;"Departed";"LOWI";"Embraer 195";1
"529";"Austrian";"OS 797";2021-11-25 11:50:00;2021-11-25 12:06:00;"Departed";"LBSF";"Embraer 195";16
"530";"Austrian";"OS 655";2021-11-25 11:45:00;2021-11-25 11:57:00;"Departed";"LUKK";"Embraer 195";12
"531";"Austrian";"OS 173";2021-11-25 11:40:00;2021-11-25 11:52:00;"Departed";"EDDH";"Airbus A319";12
"532";"Austrian";"OS 777";2021-11-25 11:35:00;2021-11-25 11:47:00;"Departed";"BKPR";"Embraer 195";12
"533";"Austrian";"OS 791";2021-11-25 11:35:00;2021-11-25 11:44:00;"Departed";"LROP";"Airbus A320";9
"534";"Austrian";"OS 809";2021-11-25 11:35:00;2021-11-25 11:43:00;"Departed";"LGTS";"Airbus A319";8
"535";"Austrian";"OS 831";2021-11-25 11:30:00;2021-11-25 11:45:00;"Departed";"LCLK";"Airbus A320";15
"536";"Austrian";"OS 661";2021-11-25 11:05:00;2021-11-25 11:40:00;"Delayed";"UKBB";"Embraer 195";35
"537";"Austrian";"OS 661";2021-11-25 11:05:00;2021-11-25 11:55:00;"Departed";"UKBB";"Embraer 195";50
"538";"Austrian";"OS 9505";2021-11-25 10:30:00;2021-11-25 10:49:00;"Departed";"GCTS";"Airbus A320";19
"539";"Austrian";"OS 801";2021-11-25 10:00:00;2021-11-25 10:02:00;"Departed";"LGAV";"Airbus A320";2
"540";"Austrian";"OS 9503";2021-11-25 09:55:00;2021-11-25 10:10:00;"Departed";"GCLP";"Airbus A320";15
"541";"Austrian";"OS 87";2021-11-25 09:45:00;2021-11-25 10:08:00;"Departed";"KJFK";"Boeing 767-300 (winglets)";23
"542";"Austrian";"OS 95";2021-11-25 09:40:00;2021-11-25 09:58:00;"Departed";"MMUN";"Boeing 777-200";18
"543";"Austrian";"OS 93";2021-11-25 09:35:00;2021-11-25 09:49:00;"Departed";"KIAD";"Boeing 767-300 (winglets)";14
"544";"Austrian";"OS 829";2021-11-25 09:20:00;2021-11-25 09:23:00;"Departed";"ORER";"Airbus A320-100/200";3
"545";"Austrian";"OS 65";2021-11-25 09:15:00;2021-11-25 10:22:00;"Departed";"KORD";"Boeing 767-300";67
"546";"Austrian";"OS 65";2021-11-25 09:15:00;2021-11-25 09:30:00;"Delayed";"KORD";"Boeing 767-300 (winglets)";15
"547";"Austrian";"OS 601";2021-11-25 09:00:00;2021-11-25 09:03:00;"Departed";"UUDD";"Embraer EMB 195";3
"548";"Austrian";"OS 385";2021-11-25 08:40:00;2021-11-25 08:48:00;"Departed";"LEMG";"Airbus A320-100/200";8
"549";"Austrian";"OS 177";2021-11-25 06:50:00;2021-11-25 06:56:00;"Departed";"EDDS";"Embraer 195";6
"550";"Austrian";"OS 223";2021-11-25 06:40:00;2021-11-25 06:46:00;"Departed";"EDDB";"Embraer 195";6
"551";"Austrian";"OS 471";2021-11-25 06:40:00;2021-11-25 06:45:00;"Departed";"LFSB";"Embraer 195";5
"552";"Austrian";"OS 175";2021-11-25 06:35:00;2021-11-25 06:32:00;"Departed";"EDDH";"Embraer EMB 195";-3
"553";"Austrian";"OS 151";2021-11-25 06:35:00;2021-11-25 06:34:00;"Departed";"EDDL";"Airbus A319";-1
"554";"Austrian";"OS 191";2021-11-25 06:35:00;2021-11-25 06:51:00;"Departed";"EDDK";"Embraer 195";16
"555";"Austrian";"OS 301";2021-11-25 06:20:00;2021-11-25 06:28:00;"Departed";"EKCH";"Airbus A320-100/200";8
"556";"Austrian";"OS 351";2021-11-25 06:15:00;2021-11-25 06:23:00;"Departed";"EBBR";"Embraer EMB 195";8
"557";"Austrian";"OS 121";2021-11-25 06:15:00;2021-11-25 06:27:00;"Departed";"EDDF";"Airbus A320";12
"558";"Austrian";"OS 371";2021-11-25 06:15:00;2021-11-25 06:18:00;"Departed";"EHAM";"Embraer EMB 195";3
"559";"Austrian";"OS 411";2021-11-25 06:10:00;2021-11-25 06:21:00;"Departed";"LFPG";"Airbus A319";11
"560";"Austrian";"OS 111";2021-11-25 06:05:00;2021-11-25 06:13:00;"Departed";"EDDM";"Airbus A320";8
"561";"Austrian";"OS 391";2021-11-25 06:00:00;2021-11-25 06:10:00;"Departed";"LEBL";"Airbus A320";10
"562";"Austrian";"OS 451";2021-11-25 05:45:00;2021-11-25 05:53:00;"Departed";"EGLL";"Airbus A320";8
"563";"Austrian";"OS 975";2021-11-24 21:45:00;2021-11-24 21:57:00;"Departed";"LOWG";"Embraer 195";12
"564";"Austrian";"OS 679";2021-11-24 21:45:00;2021-11-24 21:48:00;"Departed";"UKDE";"Embraer 195";3
"565";"Austrian";"OS 775";2021-11-24 21:40:00;2021-11-24 21:53:00;"Departed";"LWSK";"Embraer 195";13
"566";"Austrian";"OS 849";2021-11-24 21:40:00;2021-11-24 21:55:00;"Departed";"LATI";"Airbus A320";15
"567";"Austrian";"OS 711";2021-11-24 21:05:00;2021-11-24 21:10:00;"Departed";"LKPR";"Embraer 195";5
"568";"Austrian";"OS 767";2021-11-24 21:05:00;2021-11-24 21:07:00;"Departed";"LROP";"Airbus A320";2
"569";"Austrian";"OS 913";2021-11-24 20:55:00;2021-11-24 21:01:00;"Departed";"LOWI";"Embraer 195";6
"570";"Austrian";"OS 759";2021-11-24 20:55:00;2021-11-24 21:04:00;"Departed";"LQSA";"Embraer 195";9
"571";"Austrian";"OS 627";2021-11-24 20:45:00;2021-11-24 20:53:00;"Departed";"EPWA";"Embraer 195";8
"572";"Austrian";"OS 317";2021-11-24 20:00:00;2021-11-24 20:14:00;"Departed";"ESSA";"Airbus A320";14
"573";"Austrian";"OS 239";2021-11-24 19:55:00;2021-11-24 20:08:00;"Departed";"EDDB";"Airbus A320";13
"574";"Austrian";"OS 25";2021-11-24 19:50:00;2021-11-24 20:03:00;"Departed";"VTBS";"Boeing 777-200";13
"575";"Austrian";"OS 419";2021-11-24 19:25:00;2021-11-24 20:24:00;"Departed";"LFPG";"Airbus A320";59
"576";"Austrian";"OS 457";2021-11-24 19:15:00;2021-11-24 19:21:00;"Departed";"EGLL";"Airbus A320";6
"577";"Austrian";"OS 859";2021-11-24 19:15:00;2021-11-24 19:25:00;"Departed";"LLBG";"Airbus A320";10
"578";"Austrian";"OS 117";2021-11-24 18:50:00;2021-11-24 19:00:00;"Departed";"EDDM";"Airbus A320";10
"579";"Austrian";"OS 45";2021-11-24 18:50:00;2021-11-24 19:04:00;"Departed";"VRMM";"Boeing 777-200";14
"580";"Austrian";"OS 729";2021-11-24 18:20:00;2021-11-24 18:34:00;"Departed";"LYPG";"Embraer EMB 195";14
"581";"Austrian";"OS 631";2021-11-24 17:05:00;2021-11-24 17:04:00;"Departed";"EPWA";"Embraer 195";-1
"582";"Austrian";"OS 565";2021-11-24 16:50:00;2021-11-24 17:00:00;"Departed";"LSZH";"Airbus A320";10
"583";"Austrian";"OS 295";2021-11-24 16:45:00;2021-11-24 16:51:00;"Departed";"EDDV";"Embraer 195";6
"584";"Austrian";"OS 187";2021-11-24 16:45:00;2021-11-24 16:55:00;"Departed";"EDDS";"Embraer 195";10
"585";"Austrian";"OS 473";2021-11-24 16:40:00;2021-11-24 16:52:00;"Departed";"LFSB";"Embraer 195";12
"586";"Austrian";"OS 305";2021-11-24 16:40:00;2021-11-24 17:24:00;"Departed";"EKCH";"Embraer EMB 195";44
"587";"Austrian";"OS 213";2021-11-24 16:35:00;2021-11-24 16:47:00;"Departed";"EDDN";"Embraer 195";12
"588";"Austrian";"OS 195";2021-11-24 16:35:00;2021-11-24 16:48:00;"Departed";"EDDK";"Embraer 195";13
"589";"Austrian";"OS 125";2021-11-24 16:35:00;2021-11-24 16:53:00;"Departed";"EDDF";"Airbus A320";18
"590";"Austrian";"OS 575";2021-11-24 16:35:00;2021-11-24 16:44:00;"Departed";"LSGG";"Embraer 195";9
"591";"Austrian";"OS 455";2021-11-24 16:30:00;2021-11-24 16:45:00;"Departed";"EGLL";"Airbus A320";15
"592";"Austrian";"OS 355";2021-11-24 16:30:00;2021-11-24 16:42:00;"Departed";"EBBR";"Embraer 195";12
"593";"Austrian";"OS 393";2021-11-24 16:25:00;2021-11-24 16:28:00;"Departed";"LEBL";"Embraer EMB 195";3
"594";"Austrian";"OS 375";2021-11-24 16:20:00;2021-11-24 16:29:00;"Departed";"EHAM";"Airbus A320-100/200";9
"595";"Austrian";"OS 417";2021-11-24 16:20:00;2021-11-24 16:24:00;"Departed";"LFPG";"Airbus A319";4
"596";"Austrian";"OS 131";2021-11-24 14:10:00;2021-11-24 14:11:00;"Departed";"EDDF";"Airbus A320";1
"597";"Austrian";"OS 863";2021-11-24 12:45:00;2021-11-24 13:03:00;"Departed";"HECA";"Airbus A320";18
"598";"Austrian";"OS 741";2021-11-24 12:30:00;2021-11-24 12:30:00;"Departed";"LZKZ";"Embraer 195";0
"599";"Austrian";"OS 757";2021-11-24 12:15:00;2021-11-24 12:26:00;"Departed";"LQSA";"Embraer 195";11
"600";"Austrian";"OS 773";2021-11-24 12:10:00;2021-11-24 12:13:00;"Departed";"LYBE";"Embraer 195";3
"601";"Austrian";"OS 229";2021-11-24 12:05:00;2021-11-24 12:10:00;"Departed";"EDDB";"Airbus A319";5
"602";"Austrian";"OS 569";2021-11-24 12:00:00;2021-11-24 12:06:00;"Departed";"LSZH";"Airbus A320";6
"603";"Austrian";"OS 905";2021-11-24 11:55:00;2021-11-24 12:04:00;"Departed";"LOWI";"Embraer 195";9
"604";"Austrian";"OS 797";2021-11-24 11:50:00;2021-11-24 11:57:00;"Departed";"LBSF";"Embraer 195";7
"605";"Austrian";"OS 809";2021-11-24 11:35:00;2021-11-24 11:46:00;"Departed";"LGTS";"Airbus A320";11
"606";"Austrian";"OS 777";2021-11-24 11:35:00;2021-11-24 11:45:00;"Departed";"BKPR";"Embraer 195";10
"607";"Austrian";"OS 791";2021-11-24 11:35:00;2021-11-24 11:26:00;"Departed";"LROP";"Airbus A320-200";-9
"608";"Austrian";"OS 619";2021-11-24 11:25:00;2021-11-24 11:30:00;"Departed";"UKOO";"Embraer EMB 195";5
"609";"Austrian";"OS 661";2021-11-24 11:05:00;2021-11-24 11:13:00;"Departed";"UKBB";"Airbus A319";8
"610";"Austrian";"OS 461";2021-11-24 10:35:00;2021-11-24 10:44:00;"Departed";"EGLL";"Airbus A320";9
"611";"Austrian";"OS 801";2021-11-24 10:00:00;2021-11-24 10:06:00;"Departed";"LGAV";"Airbus A320";6
"612";"Austrian";"OS 73";2021-11-24 09:35:00;2021-11-24 10:03:00;"Departed";"CYUL";"Boeing 767-300 (winglets)";28
"613";"Austrian";"OS 89";2021-11-24 09:25:00;2021-11-24 10:15:00;"Departed";"KEWR";"Boeing 767-300 (winglets)";50
"614";"Austrian";"OS 601";2021-11-24 09:00:00;2021-11-24 09:09:00;"Departed";"UUDD";"Embraer 195";9
"615";"Austrian";"OS 705";2021-11-24 08:20:00;2021-11-24 08:24:00;"Departed";"LKPR";"Embraer 195";4
"616";"Austrian";"OS 521";2021-11-24 08:00:00;2021-11-24 08:08:00;"Departed";"LIPZ";"Embraer 195";8
"617";"Austrian";"OS 625";2021-11-24 07:20:00;2021-11-24 07:30:00;"Departed";"EPWA";"Embraer EMB 195";10
"618";"Austrian";"OS 177";2021-11-24 06:50:00;2021-11-24 07:03:00;"Departed";"EDDS";"Embraer 195";13
"619";"Austrian";"OS 223";2021-11-24 06:40:00;2021-11-24 06:49:00;"Departed";"EDDB";"Airbus A320";9
"620";"Austrian";"OS 191";2021-11-24 06:35:00;2021-11-24 06:31:00;"Departed";"EDDK";"Embraer EMB 195";-4
"621";"Austrian";"OS 561";2021-11-24 06:35:00;2021-11-24 06:45:00;"Departed";"LSZH";"Airbus A319";10
"622";"Austrian";"OS 571";2021-11-24 06:35:00;2021-11-24 06:49:00;"Departed";"LSGG";"Embraer 195";14
"623";"Austrian";"OS 175";2021-11-24 06:35:00;2021-11-24 06:52:00;"Departed";"EDDH";"Embraer 195";17
"624";"Austrian";"OS 301";2021-11-24 06:20:00;2021-11-24 06:43:00;"Departed";"EKCH";"Airbus A320";23
"625";"Austrian";"OS 121";2021-11-24 06:15:00;2021-11-24 06:20:00;"Departed";"EDDF";"Airbus A320-200";5
"626";"Austrian";"OS 351";2021-11-24 06:15:00;2021-11-24 06:20:00;"Departed";"EBBR";"Embraer EMB 195";5
"627";"Austrian";"OS 371";2021-11-24 06:15:00;2021-11-24 06:42:00;"Departed";"EHAM";"Embraer 195";27
"628";"Austrian";"OS 411";2021-11-24 06:10:00;2021-11-24 06:24:00;"Departed";"LFPG";"Airbus A319";14
"629";"Austrian";"OS 111";2021-11-24 06:05:00;2021-11-24 06:21:00;"Departed";"EDDM";"Embraer 195";16
"630";"Austrian";"OS 451";2021-11-24 05:45:00;2021-11-24 06:07:00;"Departed";"EGLL";"Airbus A320";22
"631";"Austrian";"OS 975";2021-11-23 21:45:00;2021-11-23 21:53:00;"Departed";"LOWG";"Embraer EMB 195";8
"632";"Austrian";"OS 775";2021-11-23 21:40:00;2021-11-23 21:54:00;"Departed";"LWSK";"Embraer 195";14
"633";"Austrian";"OS 849";2021-11-23 21:40:00;2021-11-23 21:45:00;"Departed";"LATI";"Airbus A319";5
"634";"Austrian";"OS 641";2021-11-23 21:30:00;2021-11-23 21:56:00;"Departed";"UDYZ";"Airbus A320";26
"635";"Austrian";"OS 767";2021-11-23 21:05:00;2021-11-23 21:11:00;"Departed";"LROP";"Airbus A319";6
"636";"Austrian";"OS 759";2021-11-23 20:55:00;2021-11-23 21:00:00;"Departed";"LQSA";"Embraer 195";5
"637";"Austrian";"OS 17";2021-11-23 19:25:00;2021-11-23 19:42:00;"Departed";"FIMP";"Boeing 777-200";17
"638";"Austrian";"OS 729";2021-11-23 18:50:00;2021-11-23 18:56:00;"Departed";"LYPG";"Embraer 195";6
"639";"Austrian";"OS 631";2021-11-23 17:05:00;2021-11-23 17:18:00;"Departed";"EPWA";"Embraer 195";13
"640";"Austrian";"OS 565";2021-11-23 16:50:00;2021-11-23 16:57:00;"Departed";"LSZH";"Airbus A320";7
"641";"Austrian";"OS 187";2021-11-23 16:45:00;2021-11-23 16:50:00;"Departed";"EDDS";"Embraer 195";5
"642";"Austrian";"OS 295";2021-11-23 16:45:00;2021-11-23 16:44:00;"Departed";"EDDV";"Embraer 195";-1
"643";"Austrian";"OS 505";2021-11-23 16:45:00;2021-11-23 16:49:00;"Departed";"LIRF";"Embraer 195";4
"644";"Austrian";"OS 305";2021-11-23 16:40:00;2021-11-23 16:48:00;"Departed";"EKCH";"Embraer 195";8
"645";"Austrian";"OS 575";2021-11-23 16:35:00;2021-11-23 16:42:00;"Departed";"LSGG";"Embraer 195";7
"646";"Austrian";"OS 355";2021-11-23 16:30:00;2021-11-23 16:28:00;"Departed";"EBBR";"Airbus A319";-2
"647";"Austrian";"OS 115";2021-11-23 16:30:00;2021-11-23 16:31:00;"Departed";"EDDM";"Embraer EMB 195";1
"648";"Austrian";"OS 455";2021-11-23 16:30:00;2021-11-23 16:33:00;"Departed";"EGLL";"Airbus A320-100/200";3
"649";"Austrian";"OS 235";2021-11-23 16:25:00;2021-11-23 16:22:00;"Departed";"EDDB";"Airbus A319";-3
"650";"Austrian";"OS 155";2021-11-23 16:25:00;2021-11-23 16:24:00;"Departed";"EDDL";"Airbus A320-100/200";-1
"651";"Austrian";"OS 213";2021-11-23 16:25:00;2021-11-23 16:25:00;"Departed";"EDDN";"Embraer EMB 195";0
"652";"Austrian";"OS 375";2021-11-23 16:20:00;2021-11-23 16:25:00;"Departed";"EHAM";"Embraer EMB 195";5
"653";"Austrian";"OS 853";2021-11-23 12:20:00;2021-11-23 12:28:00;"Departed";"OJAI";"Airbus A320";8
"654";"Austrian";"OS 757";2021-11-23 12:15:00;2021-11-23 12:18:00;"Departed";"LQSA";"Embraer 195";3
"655";"Austrian";"OS 963";2021-11-23 12:10:00;2021-11-23 12:08:00;"Departed";"LOWG";"Embraer 195";-2
"656";"Austrian";"OS 773";2021-11-23 12:10:00;2021-11-23 12:19:00;"Departed";"LYBE";"Embraer 195";9
"657";"Austrian";"OS 655";2021-11-23 12:10:00;2021-11-23 12:21:00;"Departed";"LUKK";"Embraer 195";11
"658";"Austrian";"OS 229";2021-11-23 12:05:00;2021-11-23 12:13:00;"Departed";"EDDB";"Airbus A320";8
"659";"Austrian";"OS 831";2021-11-23 12:05:00;2021-11-23 12:16:00;"Departed";"LCLK";"Airbus A321";11
"660";"Austrian";"OS 569";2021-11-23 12:00:00;2021-11-23 11:53:00;"Departed";"LSZH";"Embraer 195";-7
"661";"Austrian";"OS 905";2021-11-23 11:55:00;2021-11-23 11:55:00;"Departed";"LOWI";"Embraer 195";0
"662";"Austrian";"OS 727";2021-11-23 11:55:00;2021-11-23 11:57:00;"Departed";"LYPG";"Embraer 195";2
"663";"Austrian";"OS 797";2021-11-23 11:50:00;2021-11-23 12:00:00;"Departed";"LBSF";"Airbus A319";10
"664";"Austrian";"OS 777";2021-11-23 11:35:00;2021-11-23 11:44:00;"Departed";"BKPR";"Embraer 195";9
"665";"Austrian";"OS 791";2021-11-23 11:35:00;2021-11-23 11:43:00;"Departed";"LROP";"Airbus A319";8
"666";"Austrian";"OS 661";2021-11-23 11:05:00;2021-11-23 11:22:00;"Departed";"UKBB";"Embraer 195";17
"667";"Austrian";"OS 801";2021-11-23 10:00:00;2021-11-23 10:09:00;"Departed";"LGAV";"Airbus A320";9
"668";"Austrian";"OS 87";2021-11-23 09:45:00;2021-11-23 09:50:00;"Departed";"KJFK";"Boeing 767-300 (winglets)";5
"669";"Austrian";"OS 129";2021-11-23 09:10:00;2021-11-23 09:16:00;"Departed";"EDDF";"Embraer 195";6
"670";"Austrian";"OS 625";2021-11-23 07:20:00;2021-11-23 07:19:00;"Departed";"EPWA";"Embraer EMB 195";-1
"671";"Austrian";"OS 177";2021-11-23 06:50:00;2021-11-23 07:03:00;"Departed";"EDDS";"Embraer 195";13
"672";"Austrian";"OS 223";2021-11-23 06:40:00;2021-11-23 06:58:00;"Departed";"EDDB";"Embraer 195";18
"673";"Austrian";"OS 175";2021-11-23 06:35:00;2021-11-23 06:30:00;"Departed";"EDDH";"Embraer EMB 195";-5
"674";"Austrian";"OS 151";2021-11-23 06:35:00;2021-11-23 06:33:00;"Departed";"EDDL";"Embraer EMB 195";-2
"675";"Austrian";"OS 191";2021-11-23 06:35:00;2021-11-23 06:49:00;"Departed";"EDDK";"Embraer 195";14
"676";"Austrian";"OS 561";2021-11-23 06:35:00;2021-11-23 06:48:00;"Departed";"LSZH";"Embraer 195";13
"677";"Austrian";"OS 301";2021-11-23 06:20:00;2021-11-23 06:23:00;"Departed";"EKCH";"Embraer EMB 195";3
"678";"Austrian";"OS 351";2021-11-23 06:15:00;2021-11-23 06:26:00;"Departed";"EBBR";"Embraer EMB 195";11
"679";"Austrian";"OS 121";2021-11-23 06:15:00;2021-11-23 06:28:00;"Departed";"EDDF";"Airbus A319";13
"680";"Austrian";"OS 371";2021-11-23 06:15:00;2021-11-23 06:29:00;"Departed";"EHAM";"Embraer EMB 195";14
"681";"Austrian";"OS 411";2021-11-23 06:10:00;2021-11-23 06:22:00;"Departed";"LFPG";"Airbus A319";12
"682";"Austrian";"OS 111";2021-11-23 06:05:00;2021-11-23 06:16:00;"Departed";"EDDM";"Embraer 195";11
"683";"Austrian";"OS 451";2021-11-23 05:45:00;2021-11-23 06:00:00;"Departed";"EGLL";"Airbus A320";15
"684";"Austrian";"OS 975";2021-11-22 21:45:00;2021-11-22 21:47:00;"Departed";"LOWG";"Embraer 195";2
"685";"Austrian";"OS 835";2021-11-22 21:40:00;2021-11-22 21:59:00;"Departed";"LCLK";"Airbus A320";19
"686";"Austrian";"OS 849";2021-11-22 21:40:00;2021-11-22 21:50:00;"Departed";"LATI";"Airbus A319";10
"687";"Austrian";"OS 711";2021-11-22 21:05:00;2021-11-22 21:11:00;"Departed";"LKPR";"Embraer 195";6
"688";"Austrian";"OS 631";2021-11-22 17:05:00;2021-11-22 17:14:00;"Departed";"EPWA";"Embraer 195";9
"689";"Austrian";"OS 565";2021-11-22 16:50:00;2021-11-22 17:07:00;"Departed";"LSZH";"Airbus A319";17
"690";"Austrian";"OS 187";2021-11-22 16:45:00;2021-11-22 16:51:00;"Departed";"EDDS";"Embraer 195";6
"691";"Austrian";"OS 295";2021-11-22 16:45:00;2021-11-22 16:55:00;"Departed";"EDDV";"Embraer 195";10
"692";"Austrian";"OS 315";2021-11-22 16:40:00;2021-11-22 16:50:00;"Departed";"ESSA";"Embraer 195";10
"693";"Austrian";"OS 473";2021-11-22 16:40:00;2021-11-22 16:58:00;"Departed";"LFSB";"Embraer 195";18
"694";"Austrian";"OS 305";2021-11-22 16:40:00;2021-11-22 17:26:00;"Departed";"EKCH";"Embraer 195";46
"695";"Austrian";"OS 901";2021-11-22 16:40:00;2021-11-22 16:56:00;"Departed";"LOWI";"Embraer 195";16
"696";"Austrian";"OS 195";2021-11-22 16:35:00;2021-11-22 16:43:00;"Departed";"EDDK";"Embraer 195";8
"697";"Austrian";"OS 575";2021-11-22 16:35:00;2021-11-22 16:45:00;"Departed";"LSGG";"Embraer 195";10
"698";"Austrian";"OS 455";2021-11-22 16:30:00;2021-11-22 16:47:00;"Departed";"EGLL";"Airbus A320";17
"699";"Austrian";"OS 355";2021-11-22 16:30:00;2021-11-22 16:44:00;"Departed";"EBBR";"Embraer 195";14
"700";"Austrian";"OS 235";2021-11-22 16:25:00;2021-11-22 16:53:00;"Departed";"EDDB";"Airbus A320";28
"701";"Austrian";"OS 417";2021-11-22 16:20:00;2021-11-22 16:28:00;"Departed";"LFPG";"Airbus A320";8
"702";"Austrian";"OS 25";2021-11-22 14:45:00;2021-11-22 15:05:00;"Departed";"VTBS";"Boeing 777-200";20
"703";"Austrian";"OS 863";2021-11-22 12:45:00;2021-11-22 13:01:00;"Departed";"HECA";"Airbus A320";16
"704";"Austrian";"OS 415";2021-11-22 12:10:00;2021-11-22 12:15:00;"Departed";"LFPG";"Airbus A320";5
"705";"Austrian";"OS 963";2021-11-22 12:10:00;2021-11-22 12:17:00;"Departed";"LOWG";"Embraer 195";7
"706";"Austrian";"OS 229";2021-11-22 12:05:00;2021-11-22 12:14:00;"Departed";"EDDB";"Airbus A320";9
"707";"Austrian";"OS 381";2021-11-22 12:05:00;2021-11-22 12:20:00;"Departed";"UKLL";"Embraer 195";15
"708";"Austrian";"OS 569";2021-11-22 12:00:00;2021-11-22 12:12:00;"Departed";"LSZH";"Airbus A320";12
"709";"Austrian";"OS 727";2021-11-22 11:55:00;2021-11-22 12:03:00;"Departed";"LYPG";"Airbus A319";8
"710";"Austrian";"OS 905";2021-11-22 11:55:00;2021-11-22 12:00:00;"Departed";"LOWI";"Embraer 195";5
"711";"Austrian";"OS 173";2021-11-22 11:40:00;2021-11-22 11:51:00;"Departed";"EDDH";"Airbus A320";11
"712";"Austrian";"OS 777";2021-11-22 11:35:00;2021-11-22 11:44:00;"Departed";"BKPR";"Embraer 195";9
"713";"Austrian";"OS 791";2021-11-22 11:35:00;2021-11-22 11:52:00;"Departed";"LROP";"Airbus A320";17
"714";"Austrian";"OS 809";2021-11-22 11:35:00;2021-11-22 11:46:00;"Departed";"LGTS";"Airbus A320";11
"715";"Austrian";"OS 763";2021-11-22 11:30:00;2021-11-22 11:50:00;"Departed";"LBWN";"Embraer 195";20
"716";"Austrian";"OS 619";2021-11-22 11:25:00;2021-11-22 11:32:00;"Departed";"UKOO";"Embraer EMB 195";7
"717";"Austrian";"OS 661";2021-11-22 11:05:00;2021-11-22 11:23:00;"Departed";"UKBB";"Airbus A320-100/200";18
"718";"Austrian";"OS 801";2021-11-22 10:00:00;2021-11-22 10:06:00;"Departed";"LGAV";"Airbus A320";6
"719";"Austrian";"OS 73";2021-11-22 09:35:00;2021-11-22 09:48:00;"Departed";"CYUL";"Boeing 767-300 (winglets)";13
"720";"Austrian";"OS 89";2021-11-22 09:25:00;2021-11-22 09:54:00;"Departed";"KEWR";"Boeing 767-300 (winglets)";29
"721";"Austrian";"OS 463";2021-11-22 09:20:00;2021-11-22 09:27:00;"Departed";"EGCC";"Embraer EMB 195";7
"722";"Austrian";"OS 335";2021-11-22 09:20:00;2021-11-22 09:28:00;"Departed";"ENGM";"Airbus A319";8
"723";"Austrian";"OS 65";2021-11-22 09:15:00;2021-11-22 09:34:00;"Departed";"KORD";"Boeing 767-300";19
"724";"Austrian";"OS 129";2021-11-22 09:10:00;2021-11-22 09:30:00;"Departed";"EDDF";"Airbus A320-200";20
"725";"Austrian";"OS 601";2021-11-22 09:00:00;2021-11-22 09:09:00;"Departed";"UUDD";"Airbus A320";9
"726";"Austrian";"OS 831";2021-11-22 08:40:00;2021-11-22 08:52:00;"Departed";"LCLK";"Airbus A321";12
"727";"Austrian";"OS 705";2021-11-22 08:20:00;2021-11-22 08:26:00;"Departed";"LKPR";"Embraer EMB 195";6
"728";"Austrian";"OS 521";2021-11-22 08:00:00;2021-11-22 07:56:00;"Departed";"LIPZ";"Embraer 195";-4
"729";"Austrian";"OS 625";2021-11-22 07:20:00;2021-11-22 07:28:00;"Departed";"EPWA";"Embraer EMB 195";8
"730";"Austrian";"OS 177";2021-11-22 06:50:00;2021-11-22 06:54:00;"Departed";"EDDS";"Embraer 195";4
"731";"Austrian";"OS 223";2021-11-22 06:40:00;2021-11-22 06:44:00;"Departed";"EDDB";"Embraer 195";4
"732";"Austrian";"OS 291";2021-11-22 06:40:00;2021-11-22 06:50:00;"Departed";"EDDV";"Embraer 195";10
"733";"Austrian";"OS 571";2021-11-22 06:35:00;2021-11-22 06:46:00;"Departed";"LSGG";"Airbus A320";11
"734";"Austrian";"OS 175";2021-11-22 06:35:00;2021-11-22 06:47:00;"Departed";"EDDH";"Airbus A320";12
"735";"Austrian";"OS 151";2021-11-22 06:35:00;2021-11-22 06:49:00;"Departed";"EDDL";"Airbus A320";14
"736";"Austrian";"OS 561";2021-11-22 06:35:00;2021-11-22 06:52:00;"Departed";"LSZH";"Airbus A320";17
"737";"Austrian";"OS 301";2021-11-22 06:20:00;2021-11-22 06:30:00;"Departed";"EKCH";"Airbus A320";10
"738";"Austrian";"OS 371";2021-11-22 06:15:00;2021-11-22 06:23:00;"Departed";"EHAM";"Embraer 195";8
"739";"Austrian";"OS 351";2021-11-22 06:15:00;2021-11-22 06:29:00;"Departed";"EBBR";"Airbus A320";14
"740";"Austrian";"OS 121";2021-11-22 06:15:00;2021-11-22 06:31:00;"Departed";"EDDF";"Airbus A320";16
"741";"Austrian";"OS 411";2021-11-22 06:10:00;2021-11-22 06:17:00;"Departed";"LFPG";"Airbus A319";7
"742";"Austrian";"OS 391";2021-11-22 06:00:00;2021-11-22 06:11:00;"Departed";"LEBL";"Airbus A320";11
"743";"Austrian";"OS 451";2021-11-22 05:45:00;2021-11-22 06:09:00;"Departed";"EGLL";"Airbus A320";24
"744";"Austrian";"OS 311";2021-11-22 05:35:00;2021-11-22 05:42:00;"Departed";"ESSA";"Airbus A320";7
"745";"Austrian";"OS 679";2021-11-21 21:45:00;2021-11-21 21:58:00;"Departed";"UKDE";"Embraer 195";13
"746";"Austrian";"OS 775";2021-11-21 21:40:00;2021-11-21 21:54:00;"Departed";"LWSK";"Embraer 195";14
"747";"Austrian";"OS 849";2021-11-21 21:40:00;2021-11-21 22:14:00;"Departed";"LATI";"Airbus A319";34
"748";"Austrian";"OS 641";2021-11-21 21:30:00;2021-11-21 21:52:00;"Departed";"UDYZ";"Airbus A320";22
"749";"Austrian";"OS 737";2021-11-21 21:10:00;2021-11-21 22:00:00;"Departed";"LYBE";"Embraer 195";50
"750";"Austrian";"OS 737";2021-11-21 21:10:00;2021-11-21 21:35:00;"Delayed";"LYBE";"Embraer 195";25
"751";"Austrian";"OS 767";2021-11-21 21:05:00;2021-11-21 22:07:00;"Departed";"LROP";"Airbus A320";62
"752";"Austrian";"OS 711";2021-11-21 21:05:00;2021-11-21 21:21:00;"Departed";"LKPR";"Embraer EMB 195";16
"753";"Austrian";"OS 913";2021-11-21 20:55:00;2021-11-21 21:09:00;"Departed";"LOWI";"Embraer 195";14
"754";"Austrian";"OS 759";2021-11-21 20:55:00;2021-11-21 21:15:00;"Departed";"LQSA";"Embraer EMB 195";20
"755";"Austrian";"OS 667";2021-11-21 20:50:00;2021-11-21 21:12:00;"Departed";"UKBB";"Embraer 195";22
"756";"Austrian";"OS 627";2021-11-21 20:45:00;2021-11-21 20:56:00;"Departed";"EPWA";"Embraer 195";11
"757";"Austrian";"OS 605";2021-11-21 20:30:00;2021-11-21 20:43:00;"Departed";"UUDD";"Airbus A320";13
"758";"Austrian";"OS 317";2021-11-21 20:00:00;2021-11-21 20:18:00;"Departed";"ESSA";"Airbus A319";18
"759";"Austrian";"OS 239";2021-11-21 19:55:00;2021-11-21 20:12:00;"Departed";"EDDB";"Airbus A321";17
"760";"Austrian";"OS 167";2021-11-21 19:45:00;2021-11-21 19:52:00;"Departed";"EDDH";"Airbus A320";7
"761";"Austrian";"OS 127";2021-11-21 19:10:00;2021-11-21 19:28:00;"Departed";"EDDF";"Airbus A320";18
"762";"Austrian";"OS 117";2021-11-21 18:50:00;2021-11-21 19:18:00;"Departed";"EDDM";"Embraer 195";28
"763";"Austrian";"OS 237";2021-11-21 18:05:00;2021-11-21 18:23:00;"Departed";"EDDB";"Airbus A320";18
"764";"Austrian";"OS 631";2021-11-21 17:05:00;2021-11-21 17:17:00;"Departed";"EPWA";"Embraer 195";12
"765";"Austrian";"OS 565";2021-11-21 16:50:00;2021-11-21 17:52:00;"Departed";"LSZH";"Airbus A320";62
"766";"Austrian";"OS 549";2021-11-21 16:50:00;2021-11-21 17:05:00;"Departed";"LIPE";"Embraer 195";15
"767";"Austrian";"OS 187";2021-11-21 16:45:00;2021-11-21 16:58:00;"Departed";"EDDS";"Embraer 195";13
"768";"Austrian";"OS 295";2021-11-21 16:45:00;2021-11-21 17:01:00;"Departed";"EDDV";"Embraer 195";16
"769";"Austrian";"OS 505";2021-11-21 16:45:00;2021-11-21 16:56:00;"Departed";"LIRF";"Airbus A320";11
"770";"Austrian";"OS 305";2021-11-21 16:40:00;2021-11-21 17:23:00;"Departed";"EKCH";"Airbus A321";43
"771";"Austrian";"OS 473";2021-11-21 16:40:00;2021-11-21 16:59:00;"Departed";"LFSB";"Embraer 195";19
"772";"Austrian";"OS 115";2021-11-21 16:35:00;2021-11-21 16:49:00;"Departed";"EDDM";"Embraer 195";14
"773";"Austrian";"OS 195";2021-11-21 16:35:00;2021-11-21 16:52:00;"Departed";"EDDK";"Airbus A320";17
"774";"Austrian";"OS 125";2021-11-21 16:35:00;2021-11-21 16:55:00;"Departed";"EDDF";"Airbus A320";20
"775";"Austrian";"OS 213";2021-11-21 16:35:00;2021-11-21 16:45:00;"Departed";"EDDN";"Embraer 195";10
"776";"Austrian";"OS 355";2021-11-21 16:30:00;2021-11-21 16:29:00;"Departed";"EBBR";"Airbus A319";-1
"777";"Austrian";"OS 455";2021-11-21 16:30:00;2021-11-21 16:51:00;"Departed";"EGLL";"Airbus A320";21
"778";"Austrian";"OS 393";2021-11-21 16:25:00;2021-11-21 16:25:00;"Departed";"LEBL";"Airbus A320-100/200";0
"779";"Austrian";"OS 235";2021-11-21 16:25:00;2021-11-21 16:28:00;"Departed";"EDDB";"Airbus A320-100/200";3
"780";"Austrian";"OS 155";2021-11-21 16:25:00;2021-11-21 16:48:00;"Departed";"EDDL";"Airbus A320";23
"781";"Austrian";"OS 375";2021-11-21 16:20:00;2021-11-21 16:30:00;"Departed";"EHAM";"Embraer EMB 195";10
"782";"Austrian";"OS 407";2021-11-21 16:20:00;2021-11-21 16:32:00;"Departed";"LFLL";"Embraer EMB 195";12
"783";"Austrian";"OS 417";2021-11-21 16:20:00;2021-11-21 16:43:00;"Departed";"LFPG";"Airbus A320";23
"784";"Austrian";"OS 131";2021-11-21 14:10:00;2021-11-21 14:14:00;"Departed";"EDDF";"Airbus A320";4
"785";"Austrian";"OS 373";2021-11-21 14:00:00;2021-11-21 14:10:00;"Departed";"EHAM";"Airbus A320";10
"786";"Austrian";"OS 303";2021-11-21 13:40:00;2021-11-21 13:52:00;"Departed";"EKCH";"Airbus A320";12
"787";"Austrian";"OS 863";2021-11-21 12:45:00;2021-11-21 12:51:00;"Departed";"HECA";"Airbus A320";6
"788";"Austrian";"OS 313";2021-11-21 12:25:00;2021-11-21 12:44:00;"Departed";"ESSA";"Airbus A320";19
"789";"Austrian";"OS 229";2021-11-21 12:05:00;2021-11-21 12:12:00;"Departed";"EDDB";"Airbus A320";7
"790";"Austrian";"OS 183";2021-11-21 12:05:00;2021-11-21 12:17:00;"Departed";"EDDS";"Airbus A319";12
"791";"Austrian";"OS 905";2021-11-21 11:55:00;2021-11-21 12:05:00;"Departed";"LOWI";"Embraer 195";10
"792";"Austrian";"OS 727";2021-11-21 11:55:00;2021-11-21 12:00:00;"Departed";"LYPG";"Embraer 195";5
"793";"Austrian";"OS 797";2021-11-21 11:50:00;2021-11-21 12:11:00;"Departed";"LBSF";"Airbus A320";21
"794";"Austrian";"OS 655";2021-11-21 11:45:00;2021-11-21 11:51:00;"Departed";"LUKK";"Embraer 195";6
"795";"Austrian";"OS 173";2021-11-21 11:40:00;2021-11-21 12:03:00;"Departed";"EDDH";"Airbus A320";23
"796";"Austrian";"OS 153";2021-11-21 11:40:00;2021-11-21 12:14:00;"Departed";"EDDL";"Airbus A320";34
"797";"Austrian";"OS 777";2021-11-21 11:35:00;2021-11-21 11:47:00;"Departed";"BKPR";"Embraer 195";12
"798";"Austrian";"OS 831";2021-11-21 11:35:00;2021-11-21 11:52:00;"Departed";"LCLK";"Airbus A321";17
"799";"Austrian";"OS 791";2021-11-21 11:35:00;2021-11-21 12:04:00;"Departed";"LROP";"Airbus A320";29
"800";"Austrian";"OS 619";2021-11-21 11:25:00;2021-11-21 11:29:00;"Departed";"UKOO";"Embraer EMB 195";4
"801";"Austrian";"OS 661";2021-11-21 11:05:00;2021-11-21 12:15:00;"Departed";"UKBB";"Airbus A320";70
"802";"Austrian";"OS 801";2021-11-21 10:00:00;2021-11-21 10:05:00;"Departed";"LGAV";"Airbus A320";5
"803";"Austrian";"OS 95";2021-11-21 09:40:00;2021-11-21 19:49:00;"Departed";"MMUN";"Boeing 777-200";609
"804";"Austrian";"OS 95";2021-11-21 09:40:00;2021-11-21 19:40:00;"Delayed";"MMUN";"Boeing 777-200";600
"805";"Austrian";"OS 89";2021-11-21 09:25:00;2021-11-21 09:50:00;"Departed";"KEWR";"Boeing 767-300 (winglets)";25
"806";"Austrian";"OS 335";2021-11-21 09:20:00;2021-11-21 09:24:00;"Departed";"ENGM";"Embraer 195";4
"807";"Austrian";"OS 463";2021-11-21 09:20:00;2021-11-21 09:27:00;"Departed";"EGCC";"Embraer 195";7
"808";"Austrian";"OS 829";2021-11-21 09:20:00;2021-11-21 09:31:00;"Departed";"ORER";"Airbus A319";11
"809";"Austrian";"OS 65";2021-11-21 09:15:00;2021-11-21 09:43:00;"Departed";"KORD";"Boeing 767-300 (winglets)";28
"810";"Austrian";"OS 129";2021-11-21 09:10:00;2021-11-21 09:20:00;"Departed";"EDDF";"Airbus A320";10
"811";"Austrian";"OS 601";2021-11-21 09:00:00;2021-11-21 09:06:00;"Departed";"UUDD";"Embraer 195";6
"812";"Austrian";"OS 385";2021-11-21 08:40:00;2021-11-21 08:52:00;"Departed";"LEMG";"Airbus A321";12
"813";"Austrian";"OS 511";2021-11-21 07:05:00;2021-11-21 07:06:00;"Departed";"LIMC";"Embraer 195";1
"814";"Austrian";"OS 223";2021-11-21 06:40:00;2021-11-21 06:44:00;"Departed";"EDDB";"Airbus A320";4
"815";"Austrian";"OS 351";2021-11-21 06:15:00;2021-11-21 06:28:00;"Departed";"EBBR";"Embraer 195";13
"816";"Austrian";"OS 121";2021-11-21 06:15:00;2021-11-21 06:25:00;"Departed";"EDDF";"Airbus A320";10
"817";"Austrian";"OS 371";2021-11-21 06:15:00;2021-11-21 06:27:00;"Departed";"EHAM";"Embraer 195";12
"818";"Austrian";"OS 411";2021-11-21 06:10:00;2021-11-21 06:20:00;"Departed";"LFPG";"Airbus A320";10
"819";"Austrian";"OS 111";2021-11-21 06:05:00;2021-11-21 06:12:00;"Departed";"EDDM";"Embraer 195";7
"820";"Austrian";"OS 451";2021-11-21 05:45:00;2021-11-21 05:58:00;"Departed";"EGLL";"Airbus A320";13
"821";"Austrian";"OS 849";2021-11-20 21:40:00;2021-11-20 21:43:00;"Departed";"LATI";"Airbus A320";3
"822";"Austrian";"OS 239";2021-11-20 19:55:00;2021-11-20 20:01:00;"Departed";"EDDB";"Airbus A320";6
"823";"Austrian";"OS 17";2021-11-20 19:25:00;2021-11-20 19:38:00;"Departed";"FIMP";"Boeing 777-200";13
"824";"Austrian";"OS 631";2021-11-20 17:05:00;2021-11-20 17:13:00;"Departed";"EPWA";"Embraer 195";8
"825";"Austrian";"OS 565";2021-11-20 16:50:00;2021-11-20 17:02:00;"Departed";"LSZH";"Embraer 195";12
"826";"Austrian";"OS 187";2021-11-20 16:45:00;2021-11-20 16:51:00;"Departed";"EDDS";"Embraer 195";6
"827";"Austrian";"OS 295";2021-11-20 16:45:00;2021-11-20 16:54:00;"Departed";"EDDV";"Embraer 195";9
"828";"Austrian";"OS 305";2021-11-20 16:40:00;2021-11-20 16:50:00;"Departed";"EKCH";"Airbus A320";10
"829";"Austrian";"OS 901";2021-11-20 16:40:00;2021-11-20 16:48:00;"Departed";"LOWI";"Embraer 195";8
"830";"Austrian";"OS 125";2021-11-20 16:35:00;2021-11-20 16:47:00;"Departed";"EDDF";"Airbus A319";12
"831";"Austrian";"OS 115";2021-11-20 16:30:00;2021-11-20 16:42:00;"Departed";"EDDM";"Embraer 195";12
"832";"Austrian";"OS 235";2021-11-20 16:25:00;2021-11-20 16:44:00;"Departed";"EDDB";"Embraer 195";19
"833";"Austrian";"OS 25";2021-11-20 14:45:00;2021-11-20 15:31:00;"Departed";"VTBS";"Boeing 777-200";46
"834";"Austrian";"OS 863";2021-11-20 12:45:00;2021-11-20 13:26:00;"Departed";"HECA";"Airbus A321";41
"835";"Austrian";"OS 853";2021-11-20 12:20:00;2021-11-20 12:42:00;"Departed";"OJAI";"Airbus A320";22
"836";"Austrian";"OS 861";2021-11-20 12:20:00;2021-11-20 12:47:00;"Departed";"LLBG";"Airbus A321";27
"837";"Austrian";"OS 757";2021-11-20 12:15:00;2021-11-20 12:20:00;"Departed";"LQSA";"Embraer 195";5
"838";"Austrian";"OS 871";2021-11-20 12:15:00;2021-11-20 12:34:00;"Departed";"OIIE";"Airbus A320";19
"839";"Austrian";"OS 963";2021-11-20 12:10:00;2021-11-20 12:01:00;"Departed";"LOWG";"Embraer 195";-9
"840";"Austrian";"OS 773";2021-11-20 12:10:00;2021-11-20 12:12:00;"Departed";"LYBE";"Embraer 195";2
"841";"Austrian";"OS 229";2021-11-20 12:05:00;2021-11-20 12:20:00;"Departed";"EDDB";"Airbus A320";15
"842";"Austrian";"OS 569";2021-11-20 12:00:00;2021-11-20 12:06:00;"Departed";"LSZH";"Embraer 195";6
"843";"Austrian";"OS 777";2021-11-20 11:55:00;2021-11-20 12:05:00;"Departed";"BKPR";"Embraer 195";10
"844";"Austrian";"OS 905";2021-11-20 11:55:00;2021-11-20 11:55:00;"Departed";"LOWI";"Embraer 195";0
"845";"Austrian";"OS 727";2021-11-20 11:55:00;2021-11-20 12:07:00;"Departed";"LYPG";"Embraer 195";12
"846";"Austrian";"OS 797";2021-11-20 11:50:00;2021-11-20 12:04:00;"Departed";"LBSF";"Airbus A319";14
"847";"Austrian";"OS 173";2021-11-20 11:40:00;2021-11-20 11:50:00;"Departed";"EDDH";"Embraer 195";10
"848";"Austrian";"OS 153";2021-11-20 11:40:00;2021-11-20 11:49:00;"Departed";"EDDL";"Embraer 195";9
"849";"Austrian";"OS 791";2021-11-20 11:35:00;2021-11-20 11:43:00;"Departed";"LROP";"Airbus A320";8
"850";"Austrian";"OS 9501";2021-11-20 11:20:00;2021-11-20 11:29:00;"Departed";"GCFV";"Airbus A320";9
"851";"Austrian";"OS 661";2021-11-20 11:05:00;2021-11-20 11:12:00;"Departed";"UKBB";"Embraer 195";7
"852";"Austrian";"OS 9505";2021-11-20 10:30:00;2021-11-20 11:07:00;"Departed";"GCTS";"Airbus A320";37
"853";"Austrian";"OS 801";2021-11-20 10:00:00;2021-11-20 10:06:00;"Departed";"LGAV";"Airbus A320";6
"854";"Austrian";"OS 9503";2021-11-20 09:55:00;2021-11-20 10:08:00;"Departed";"GCLP";"Airbus A320";13
"855";"Austrian";"OS 87";2021-11-20 09:45:00;2021-11-20 10:04:00;"Departed";"KJFK";"Boeing 767-300 (winglets)";19
"856";"Austrian";"OS 73";2021-11-20 09:35:00;2021-11-20 09:43:00;"Departed";"CYUL";"Boeing 767-300 (winglets)";8
"857";"Austrian";"OS 93";2021-11-20 09:35:00;2021-11-20 09:52:00;"Departed";"KIAD";"Boeing 767-300 (winglets)";17
"858";"Austrian";"OS 129";2021-11-20 09:10:00;2021-11-20 09:26:00;"Departed";"EDDF";"Embraer 195";16
"859";"Austrian";"OS 601";2021-11-20 09:00:00;2021-11-20 09:03:00;"Departed";"UUDD";"Airbus A320";3
"860";"Austrian";"OS 385";2021-11-20 08:40:00;2021-11-20 08:51:00;"Departed";"LEMG";"Airbus A320";11
"861";"Austrian";"OS 831";2021-11-20 08:40:00;2021-11-20 08:54:00;"Departed";"LCLK";"Airbus A321";14
"862";"Austrian";"OS 705";2021-11-20 08:20:00;2021-11-20 08:25:00;"Departed";"LKPR";"Embraer EMB 195";5
"863";"Austrian";"OS 2339";2021-11-20 07:30:00;2021-11-20 07:46:00;"Departed";"HEGN";"Airbus A320";16
"864";"Austrian";"OS 177";2021-11-20 06:50:00;2021-11-20 07:00:00;"Departed";"EDDS";"Embraer 195";10
"865";"Austrian";"OS 223";2021-11-20 06:40:00;2021-11-20 06:50:00;"Departed";"EDDB";"Embraer 195";10
"866";"Austrian";"OS 291";2021-11-20 06:40:00;2021-11-20 06:47:00;"Departed";"EDDV";"Embraer 195";7
"867";"Austrian";"OS 175";2021-11-20 06:35:00;2021-11-20 06:46:00;"Departed";"EDDH";"Embraer 195";11
"868";"Austrian";"OS 571";2021-11-20 06:35:00;2021-11-20 06:42:00;"Departed";"LSGG";"Embraer 195";7
"869";"Austrian";"OS 301";2021-11-20 06:20:00;2021-11-20 06:27:00;"Departed";"EKCH";"Embraer 195";7
"870";"Austrian";"OS 371";2021-11-20 06:15:00;2021-11-20 06:23:00;"Departed";"EHAM";"Embraer 195";8
"871";"Austrian";"OS 121";2021-11-20 06:15:00;2021-11-20 06:27:00;"Departed";"EDDF";"Airbus A320";12
"872";"Austrian";"OS 351";2021-11-20 06:15:00;2021-11-20 06:29:00;"Departed";"EBBR";"Airbus A320";14
"873";"Austrian";"OS 111";2021-11-20 06:05:00;2021-11-20 06:15:00;"Departed";"EDDM";"Embraer 195";10
"874";"Austrian";"OS 451";2021-11-20 05:45:00;2021-11-20 06:03:00;"Departed";"EGLL";"Airbus A320";18
"875";"Austrian";"OS 679";2021-11-19 21:45:00;2021-11-19 22:02:00;"Departed";"UKDE";"Embraer 195";17
"876";"Austrian";"OS 835";2021-11-19 21:40:00;2021-11-19 21:55:00;"Departed";"LCLK";"Airbus A320";15
"877";"Austrian";"OS 849";2021-11-19 21:40:00;2021-11-19 21:43:00;"Departed";"LATI";"Airbus A320";3
"878";"Austrian";"OS 641";2021-11-19 21:30:00;2021-11-19 21:46:00;"Departed";"UDYZ";"Airbus A319";16
"879";"Austrian";"OS 737";2021-11-19 21:10:00;2021-11-19 21:44:00;"Departed";"LYBE";"Embraer 195";34
"880";"Austrian";"OS 767";2021-11-19 21:05:00;2021-11-19 21:15:00;"Departed";"LROP";"Airbus A320";10
"881";"Austrian";"OS 627";2021-11-19 20:45:00;2021-11-19 20:45:00;"Departed";"EPWA";"Embraer 195";0
"882";"Austrian";"OS 239";2021-11-19 19:55:00;2021-11-19 20:01:00;"Departed";"EDDB";"Airbus A320";6
"883";"Austrian";"OS 167";2021-11-19 19:45:00;2021-11-19 19:50:00;"Departed";"EDDH";"Airbus A320";5
"884";"Austrian";"OS 377";2021-11-19 19:20:00;2021-11-19 19:28:00;"Departed";"EHAM";"Airbus A320-100/200";8
"885";"Austrian";"OS 127";2021-11-19 19:10:00;2021-11-19 19:27:00;"Departed";"EDDF";"Airbus A320-100/200";17
"886";"Austrian";"OS 45";2021-11-19 18:50:00;2021-11-19 19:18:00;"Departed";"VRMM";"Boeing 777-200";28
"887";"Austrian";"OS 117";2021-11-19 18:50:00;2021-11-19 19:08:00;"Departed";"EDDM";"Embraer 195";18
"888";"Austrian";"OS 237";2021-11-19 18:05:00;2021-11-19 18:11:00;"Departed";"EDDB";"Airbus A320";6
"889";"Austrian";"OS 631";2021-11-19 17:05:00;2021-11-19 17:17:00;"Departed";"EPWA";"Embraer 195";12
"890";"Austrian";"OS 549";2021-11-19 16:50:00;2021-11-19 17:02:00;"Departed";"LIPE";"Embraer 195";12
"891";"Austrian";"OS 565";2021-11-19 16:50:00;2021-11-19 17:04:00;"Departed";"LSZH";"Airbus A320";14
"892";"Austrian";"OS 295";2021-11-19 16:45:00;2021-11-19 16:57:00;"Departed";"EDDV";"Embraer 195";12
"893";"Austrian";"OS 505";2021-11-19 16:45:00;2021-11-19 16:58:00;"Departed";"LIRF";"Airbus A320";13
"894";"Austrian";"OS 187";2021-11-19 16:45:00;2021-11-19 17:01:00;"Departed";"EDDS";"Embraer 195";16
"895";"Austrian";"OS 473";2021-11-19 16:40:00;2021-11-19 16:50:00;"Departed";"LFSB";"Embraer 195";10
"896";"Austrian";"OS 125";2021-11-19 16:35:00;2021-11-19 16:43:00;"Departed";"EDDF";"Airbus A320";8
"897";"Austrian";"OS 575";2021-11-19 16:35:00;2021-11-19 16:48:00;"Departed";"LSGG";"Embraer 195";13
"898";"Austrian";"OS 115";2021-11-19 16:30:00;2021-11-19 16:44:00;"Departed";"EDDM";"Airbus A320";14
"899";"Austrian";"OS 355";2021-11-19 16:30:00;2021-11-19 16:45:00;"Departed";"EBBR";"Airbus A319";15
"900";"Austrian";"OS 455";2021-11-19 16:30:00;2021-11-19 16:51:00;"Departed";"EGLL";"Airbus A320";21
"901";"Austrian";"OS 235";2021-11-19 16:25:00;2021-11-19 16:48:00;"Departed";"EDDB";"Airbus A320";23
"902";"Austrian";"OS 155";2021-11-19 16:25:00;2021-11-19 16:59:00;"Departed";"EDDL";"Airbus A320";34
"903";"Austrian";"OS 371";2021-11-07 06:15:00;2021-11-07 06:22:00;"Departed";"EHAM";"Embraer 195";7
"904";"Austrian";"OS 411";2021-11-07 06:10:00;2021-11-07 06:21:00;"Departed";"LFPG";"Airbus A319";11
"905";"Austrian";"OS 111";2021-11-07 06:05:00;2021-11-07 06:12:00;"Departed";"EDDM";"Embraer 195";7
"906";"Austrian";"OS 451";2021-11-07 05:45:00;2021-11-07 05:56:00;"Departed";"EGLL";"Airbus A320";11
"907";"Austrian";"OS 311";2021-11-07 05:35:00;2021-11-07 05:48:00;"Departed";"ESSA";"Airbus A320";13
"908";"Austrian";"OS 849";2021-11-06 21:40:00;2021-11-06 21:39:00;"Departed";"LATI";"Airbus A319";-1
"909";"Austrian";"OS 737";2021-11-06 21:10:00;2021-11-06 21:16:00;"Departed";"LYBE";"Embraer 195";6
"910";"Austrian";"OS 711";2021-11-06 21:05:00;2021-11-06 21:14:00;"Departed";"LKPR";"Embraer 195";9
"911";"Austrian";"OS 767";2021-11-06 21:05:00;2021-11-06 21:06:00;"Departed";"LROP";"Airbus A320";1
"912";"Austrian";"OS 317";2021-11-06 20:00:00;2021-11-06 20:09:00;"Departed";"ESSA";"Airbus A321";9
"913";"Austrian";"OS 239";2021-11-06 19:55:00;2021-11-06 19:50:00;"Departed";"EDDB";"Airbus A320";-5
"914";"Austrian";"OS 631";2021-11-06 17:05:00;2021-11-06 17:12:00;"Departed";"EPWA";"Embraer 195";7
"915";"Austrian";"OS 565";2021-11-06 16:50:00;2021-11-06 17:07:00;"Departed";"LSZH";"Embraer 195";17
"916";"Austrian";"OS 187";2021-11-06 16:40:00;2021-11-06 16:51:00;"Departed";"EDDS";"Embraer 195";11
"917";"Austrian";"OS 901";2021-11-06 16:40:00;2021-11-06 16:49:00;"Departed";"LOWI";"Embraer EMB 195";9
"918";"Austrian";"OS 125";2021-11-06 16:35:00;2021-11-06 16:56:00;"Departed";"EDDF";"Airbus A320";21
"919";"Austrian";"OS 575";2021-11-06 16:35:00;2021-11-06 16:48:00;"Departed";"LSGG";"Embraer 195";13
"920";"Austrian";"OS 115";2021-11-06 16:30:00;2021-11-06 17:01:00;"Departed";"EDDM";"Airbus A319";31
"921";"Austrian";"OS 455";2021-11-06 16:30:00;2021-11-06 17:03:00;"Departed";"EGLL";"Airbus A320";33
"922";"Austrian";"OS 235";2021-11-06 16:25:00;2021-11-06 16:43:00;"Departed";"EDDB";"Embraer 195";18
"923";"Austrian";"OS 155";2021-11-06 16:25:00;2021-11-06 16:34:00;"Departed";"EDDL";"Embraer 195";9
"924";"Austrian";"OS 417";2021-11-06 16:20:00;2021-11-06 16:46:00;"Departed";"LFPG";"Airbus A320";26
"925";"Austrian";"OS 9507";2021-11-06 14:50:00;2021-11-06 15:03:00;"Departed";"LEPA";"Embraer 195";13
"926";"Austrian";"OS 25";2021-11-06 14:45:00;2021-11-06 14:56:00;"Departed";"VTBS";"Boeing 777-200";11
"927";"Austrian";"OS 863";2021-11-06 12:45:00;2021-11-06 13:50:00;"Departed";"HECA";"Airbus A320";65
"928";"Austrian";"OS 313";2021-11-06 12:25:00;2021-11-06 12:37:00;"Departed";"ESSA";"Airbus A321";12
"929";"Austrian";"OS 861";2021-11-06 12:20:00;2021-11-06 12:47:00;"Departed";"LLBG";"Airbus A320";27
"930";"Austrian";"OS 853";2021-11-06 12:20:00;2021-11-06 13:02:00;"Departed";"OJAI";"Airbus A320";42
"931";"Austrian";"OS 757";2021-11-06 12:15:00;2021-11-06 12:25:00;"Departed";"LQSA";"Embraer EMB 195";10
"932";"Austrian";"OS 963";2021-11-06 12:10:00;2021-11-06 12:12:00;"Departed";"LOWG";"Embraer 195";2
"933";"Austrian";"OS 773";2021-11-06 12:10:00;2021-11-06 12:13:00;"Departed";"LYBE";"Embraer EMB 195";3
"934";"Austrian";"OS 229";2021-11-06 12:05:00;2021-11-06 12:21:00;"Departed";"EDDB";"Airbus A320";16
"935";"Austrian";"OS 777";2021-11-06 11:55:00;2021-11-06 12:10:00;"Departed";"BKPR";"Embraer EMB 195";15
"936";"Austrian";"OS 905";2021-11-06 11:55:00;2021-11-06 12:03:00;"Departed";"LOWI";"Embraer 195";8
"937";"Austrian";"OS 727";2021-11-06 11:55:00;2021-11-06 12:02:00;"Departed";"LYPG";"Embraer 195";7
"938";"Austrian";"OS 797";2021-11-06 11:50:00;2021-11-06 12:43:00;"Departed";"LBSF";"Airbus A319";53
"939";"Austrian";"OS 153";2021-11-06 11:40:00;2021-11-06 11:45:00;"Departed";"EDDL";"Embraer 195";5
"940";"Austrian";"OS 809";2021-11-06 11:35:00;2021-11-06 11:46:00;"Departed";"LGTS";"Embraer 195";11
"941";"Austrian";"OS 9501";2021-11-06 11:20:00;2021-11-06 11:43:00;"Departed";"GCFV";"Airbus A320";23
"942";"Austrian";"OS 661";2021-11-06 11:05:00;2021-11-06 11:12:00;"Departed";"UKBB";"Airbus A320";7
"943";"Austrian";"OS 9505";2021-11-06 10:30:00;2021-11-06 10:49:00;"Departed";"GCTS";"Airbus A320";19
"944";"Austrian";"OS 801";2021-11-06 10:00:00;2021-11-06 10:03:00;"Departed";"LGAV";"Airbus A321";3
"945";"Austrian";"OS 9503";2021-11-06 09:55:00;2021-11-06 10:09:00;"Departed";"GCLP";"Airbus A320";14
"946";"Austrian";"OS 87";2021-11-06 09:45:00;2021-11-06 09:59:00;"Departed";"KJFK";"Boeing 767-300 (winglets)";14
"947";"Austrian";"OS 93";2021-11-06 09:35:00;2021-11-06 09:46:00;"Departed";"KIAD";"Boeing 767-300 (winglets)";11
"948";"Austrian";"OS 73";2021-11-06 09:35:00;2021-11-06 09:48:00;"Departed";"CYUL";"Boeing 767-300 (winglets)";13
"949";"Austrian";"OS 129";2021-11-06 09:10:00;2021-11-06 09:31:00;"Departed";"EDDF";"Embraer 195";21
"950";"Austrian";"OS 601";2021-11-06 09:00:00;2021-11-06 09:44:00;"Departed";"UUDD";"Airbus A320";44
"951";"Austrian";"OS 385";2021-11-06 08:40:00;2021-11-06 08:47:00;"Departed";"LEMG";"Airbus A321";7
"952";"Austrian";"OS 831";2021-11-06 08:40:00;2021-11-06 09:07:00;"Departed";"LCLK";"Airbus A320";27
"953";"Austrian";"OS 837";2021-11-06 08:25:00;2021-11-06 08:39:00;"Departed";"LCLK";"Airbus A321";14
"954";"Austrian";"OS 2339";2021-11-06 07:30:00;2021-11-06 07:45:00;"Departed";"HEGN";"Airbus A320";15
"955";"Austrian";"OS 625";2021-11-06 07:20:00;2021-11-06 07:20:00;"Departed";"EPWA";"Embraer 195";0
"956";"Austrian";"OS 177";2021-11-06 06:50:00;2021-11-06 06:57:00;"Departed";"EDDS";"Airbus A320";7
"957";"Austrian";"OS 291";2021-11-06 06:40:00;2021-11-06 06:53:00;"Departed";"EDDV";"Embraer 195";13
"958";"Austrian";"OS 223";2021-11-06 06:40:00;2021-11-06 06:57:00;"Departed";"EDDB";"Airbus A319";17
"959";"Austrian";"OS 471";2021-11-06 06:40:00;2021-11-06 07:42:00;"Departed";"LFSB";"Embraer 195";62
"960";"Austrian";"OS 151";2021-11-06 06:35:00;2021-11-06 06:42:00;"Departed";"EDDL";"Embraer 195";7
"961";"Austrian";"OS 175";2021-11-06 06:35:00;2021-11-06 06:43:00;"Departed";"EDDH";"Embraer 195";8
"962";"Austrian";"OS 561";2021-11-06 06:35:00;2021-11-06 06:43:00;"Departed";"LSZH";"Airbus A319";8
"963";"Austrian";"OS 571";2021-11-06 06:35:00;2021-11-06 06:46:00;"Departed";"LSGG";"Embraer 195";11
"964";"Austrian";"OS 301";2021-11-06 06:20:00;2021-11-06 06:34:00;"Departed";"EKCH";"Embraer 195";14
"965";"Austrian";"OS 351";2021-11-06 06:15:00;2021-11-06 06:45:00;"Departed";"EBBR";"Airbus A320";30
"966";"Austrian";"OS 411";2021-11-06 06:10:00;2021-11-06 06:35:00;"Departed";"LFPG";"Airbus A320";25
"967";"Austrian";"OS 451";2021-11-06 05:45:00;2021-11-06 05:55:00;"Departed";"EGLL";"Airbus A320";10
"968";"Austrian";"OS 311";2021-11-06 05:35:00;2021-11-06 05:47:00;"Departed";"ESSA";"Airbus A320";12
"969";"Austrian";"OS 75";2021-11-05 22:30:00;2021-11-05 23:15:00;"Departed";"ZSPD";"Boeing 777-200";45
"970";"Austrian";"OS 679";2021-11-05 21:45:00;2021-11-05 22:50:00;"Departed";"UKDE";"Embraer EMB 195";65
"971";"Austrian";"OS 849";2021-11-05 21:40:00;2021-11-05 21:55:00;"Departed";"LATI";"Airbus A320";15
"972";"Austrian";"OS 641";2021-11-05 21:30:00;2021-11-05 21:50:00;"Departed";"UDYZ";"Airbus A320";20
"973";"Austrian";"OS 737";2021-11-05 21:10:00;2021-11-05 21:22:00;"Departed";"LYBE";"Embraer 195";12
"974";"Austrian";"OS 711";2021-11-05 21:05:00;2021-11-05 21:19:00;"Departed";"LKPR";"Embraer 195";14
"975";"Austrian";"OS 767";2021-11-05 21:05:00;2021-11-05 21:17:00;"Departed";"LROP";"Airbus A319";12
"976";"Austrian";"OS 799";2021-11-05 21:00:00;2021-11-05 22:30:00;"Delayed";"LBSF";"Airbus A319";90
"977";"Austrian";"OS 913";2021-11-05 20:55:00;2021-11-05 20:58:00;"Departed";"LOWI";"Embraer 195";3
"978";"Austrian";"OS 759";2021-11-05 20:55:00;2021-11-05 21:11:00;"Departed";"LQSA";"Embraer 195";16
"979";"Austrian";"OS 627";2021-11-05 20:45:00;2021-11-05 20:50:00;"Departed";"EPWA";"Embraer 195";5
"980";"Austrian";"OS 317";2021-11-05 20:00:00;2021-11-05 20:11:00;"Departed";"ESSA";"Airbus A320";11
"981";"Austrian";"OS 167";2021-11-05 19:45:00;2021-11-05 19:47:00;"Departed";"EDDH";"Airbus A320";2
"982";"Austrian";"OS 377";2021-11-05 19:20:00;2021-11-05 19:28:00;"Departed";"EHAM";"Airbus A320";8
"983";"Austrian";"OS 729";2021-11-05 19:20:00;2021-11-05 19:50:00;"Departed";"LYPG";"Embraer 195";30
"984";"Austrian";"OS 457";2021-11-05 19:15:00;2021-11-05 19:21:00;"Departed";"EGLL";"Airbus A320";6
"985";"Austrian";"OS 127";2021-11-05 19:10:00;2021-11-05 19:12:00;"Departed";"EDDF";"Airbus A320";2
"986";"Austrian";"OS 117";2021-11-05 18:50:00;2021-11-05 19:15:00;"Departed";"EDDM";"Embraer 195";25
"987";"Austrian";"OS 45";2021-11-05 18:50:00;2021-11-05 19:19:00;"Departed";"VRMM";"Boeing 777-200";29
"988";"Austrian";"OS 631";2021-11-05 17:05:00;2021-11-05 17:16:00;"Departed";"EPWA";"Embraer 195";11
"989";"Austrian";"OS 549";2021-11-05 16:50:00;2021-11-05 17:02:00;"Departed";"LIPE";"Embraer 195";12
"990";"Austrian";"OS 565";2021-11-05 16:50:00;2021-11-05 17:38:00;"Departed";"LSZH";"Airbus A320";48
"991";"Austrian";"OS 473";2021-11-05 16:45:00;2021-11-05 16:54:00;"Departed";"LFSB";"Embraer 195";9
"992";"Austrian";"OS 505";2021-11-05 16:45:00;2021-11-05 17:50:00;"Departed";"LIRF";"Airbus A320";65
"993";"Austrian";"OS 187";2021-11-05 16:40:00;2021-11-05 16:46:00;"Departed";"EDDS";"Embraer 195";6
"994";"Austrian";"OS 195";2021-11-05 16:35:00;2021-11-05 16:44:00;"Departed";"EDDK";"Airbus A319";9
"995";"Austrian";"OS 575";2021-11-05 16:35:00;2021-11-05 16:45:00;"Departed";"LSGG";"Embraer 195";10
"996";"Austrian";"OS 125";2021-11-05 16:35:00;2021-11-05 17:00:00;"Departed";"EDDF";"Airbus A320";25
"997";"Austrian";"OS 115";2021-11-05 16:30:00;2021-11-05 16:38:00;"Departed";"EDDM";"Embraer 195";8
"998";"Austrian";"OS 455";2021-11-05 16:30:00;2021-11-05 16:41:00;"Departed";"EGLL";"Airbus A320";11
"999";"Austrian";"OS 355";2021-11-05 16:30:00;2021-11-05 16:56:00;"Departed";"EBBR";"Airbus A321";26
"1000";"Austrian";"OS 235";2021-11-05 16:25:00;2021-11-05 16:46:00;"Departed";"EDDB";"Airbus A319";21
"1001";"Austrian";"OS 393";2021-11-05 16:25:00;2021-11-05 16:49:00;"Departed";"LEBL";"Airbus A320";24
"1002";"Austrian";"OS 977";2021-11-05 16:25:00;2021-11-05 16:36:00;"Departed";"LOWG";"Embraer 195";11
"1003";"Austrian";"OS 155";2021-11-05 16:25:00;2021-11-05 16:25:00;"Delayed";"EDDL";"Airbus A320";0
"1004";"Austrian";"OS 977";2021-11-05 16:25:00;2021-11-05 16:25:00;"Departed";"LOWG";"Embraer 195";0
"1005";"Austrian";"OS 417";2021-11-05 16:20:00;2021-11-05 16:48:00;"Departed";"LFPG";"Airbus A320";28
"1006";"Austrian";"OS 375";2021-11-05 16:20:00;2021-11-05 16:34:00;"Departed";"EHAM";"Embraer EMB 195";14
"1007";"Austrian";"OS 213";2021-11-05 16:20:00;2021-11-05 17:22:00;"Departed";"EDDN";"Embraer 195";62
"1008";"Austrian";"OS 131";2021-11-05 14:50:00;2021-11-05 14:55:00;"Departed";"EDDF";"Airbus A320";5
"1009";"Austrian";"OS 231";2021-11-05 14:00:00;2021-11-05 14:12:00;"Departed";"EDDB";"Airbus A321";12
"1010";"Austrian";"OS 373";2021-11-05 14:00:00;2021-11-05 14:03:00;"Departed";"EHAM";"Airbus A320";3
"1011";"Austrian";"OS 863";2021-11-05 12:45:00;2021-11-05 12:56:00;"Departed";"HECA";"Airbus A320";11
"1012";"Austrian";"OS 741";2021-11-05 12:30:00;2021-11-05 12:38:00;"Departed";"LZKZ";"Embraer 195";8
"1013";"Austrian";"OS 313";2021-11-05 12:25:00;2021-11-05 12:43:00;"Departed";"ESSA";"Airbus A320";18
"1014";"Austrian";"OS 861";2021-11-05 12:20:00;2021-11-05 12:43:00;"Departed";"LLBG";"Airbus A320";23
"1015";"Austrian";"OS 871";2021-11-05 12:15:00;2021-11-05 12:41:00;"Departed";"OIIE";"Airbus A320";26
"1016";"Austrian";"OS 757";2021-11-05 12:15:00;2021-11-05 12:21:00;"Departed";"LQSA";"Embraer EMB 195";6
"1017";"Austrian";"OS 415";2021-11-05 12:10:00;2021-11-05 12:32:00;"Departed";"LFPG";"Airbus A320";22
"1018";"Austrian";"OS 963";2021-11-05 12:10:00;2021-11-05 12:04:00;"Departed";"LOWG";"Embraer EMB 195";-6
"1019";"Austrian";"OS 773";2021-11-05 12:10:00;2021-11-05 12:18:00;"Departed";"LYBE";"Embraer EMB 195";8
"1020";"Austrian";"OS 229";2021-11-05 12:05:00;2021-11-05 12:35:00;"Departed";"EDDB";"Airbus A321";30
"1021";"Austrian";"OS 381";2021-11-05 12:05:00;2021-11-05 12:16:00;"Departed";"UKLL";"Embraer EMB 195";11
"1022";"Austrian";"OS 569";2021-11-05 12:00:00;2021-11-05 12:08:00;"Departed";"LSZH";"Airbus A320";8
"1023";"Austrian";"OS 727";2021-11-05 11:55:00;2021-11-05 12:10:00;"Departed";"LYPG";"Embraer EMB 195";15
"1024";"Austrian";"OS 905";2021-11-05 11:55:00;2021-11-05 12:04:00;"Departed";"LOWI";"Embraer 195";9
"1025";"Austrian";"OS 797";2021-11-05 11:50:00;2021-11-05 12:05:00;"Departed";"LBSF";"Airbus A319";15
"1026";"Austrian";"OS 153";2021-11-05 11:40:00;2021-11-05 11:53:00;"Departed";"EDDL";"Airbus A320";13
"1027";"Austrian";"OS 831";2021-11-05 11:40:00;2021-11-05 12:00:00;"Departed";"LCLK";"Airbus A320";20
"1028";"Austrian";"OS 809";2021-11-05 11:35:00;2021-11-05 11:49:00;"Departed";"LGTS";"Airbus A320";14
"1029";"Austrian";"OS 777";2021-11-05 11:35:00;2021-11-05 11:45:00;"Departed";"BKPR";"Embraer 195";10
"1030";"Austrian";"OS 791";2021-11-05 11:35:00;2021-11-05 12:01:00;"Departed";"LROP";"Airbus A320";26
"1031";"Austrian";"OS 763";2021-11-05 11:30:00;2021-11-05 11:50:00;"Departed";"LBWN";"Airbus A320";20
"1032";"Austrian";"OS 619";2021-11-05 11:25:00;2021-11-05 11:39:00;"Departed";"UKOO";"Embraer 195";14
"1033";"Austrian";"OS 661";2021-11-05 11:05:00;2021-11-05 11:15:00;"Departed";"UKBB";"Airbus A320";10
"1034";"Austrian";"OS 853";2021-11-05 09:30:00;2021-11-05 09:44:00;"Departed";"OJAI";"Airbus A320";14
"1035";"Austrian";"OS 89";2021-11-05 09:25:00;2021-11-05 09:40:00;"Departed";"KEWR";"Boeing 767-300 (winglets)";15
"1036";"Austrian";"OS 463";2021-11-05 09:20:00;2021-11-05 09:35:00;"Departed";"EGCC";"Embraer 195";15
"1037";"Austrian";"OS 335";2021-11-05 09:20:00;2021-11-05 09:31:00;"Departed";"ENGM";"Embraer 195";11
"1038";"Austrian";"OS 65";2021-11-05 09:15:00;2021-11-05 09:22:00;"Departed";"KORD";"Boeing 767-300 (winglets)";7
"1039";"Austrian";"OS 129";2021-11-05 09:10:00;2021-11-05 09:28:00;"Departed";"EDDF";"Airbus A320";18
"1040";"Austrian";"OS 801";2021-11-05 09:00:00;2021-11-05 09:00:00;"Departed";"LGAV";"Airbus A320";0
"1041";"Austrian";"OS 601";2021-11-05 09:00:00;2021-11-05 09:08:00;"Departed";"UUDD";"Airbus A320";8
"1042";"Austrian";"OS 837";2021-11-05 08:40:00;2021-11-05 08:52:00;"Departed";"LCLK";"Airbus A321";12
"1043";"Austrian";"OS 521";2021-11-05 08:00:00;2021-11-05 08:07:00;"Departed";"LIPZ";"Embraer 195";7
"1044";"Austrian";"OS 625";2021-11-05 07:20:00;2021-11-05 07:20:00;"Departed";"EPWA";"Embraer 195";0
"1045";"Austrian";"OS 177";2021-11-05 06:50:00;2021-11-05 06:52:00;"Departed";"EDDS";"Embraer 195";2
"1046";"Austrian";"OS 291";2021-11-05 06:40:00;2021-11-05 06:50:00;"Departed";"EDDV";"Embraer 195";10
"1047";"Austrian";"OS 471";2021-11-05 06:40:00;2021-11-05 06:40:00;"Departed";"LFSB";"Embraer 195";0
"1048";"Austrian";"OS 175";2021-11-05 06:35:00;2021-11-05 06:38:00;"Departed";"EDDH";"Embraer 195";3
"1049";"Austrian";"OS 191";2021-11-05 06:35:00;2021-11-05 06:47:00;"Departed";"EDDK";"Embraer 195";12
"1050";"Austrian";"OS 151";2021-11-05 06:35:00;2021-11-05 06:43:00;"Departed";"EDDL";"Airbus A320";8
"1051";"Austrian";"OS 571";2021-11-05 06:35:00;2021-11-05 06:44:00;"Departed";"LSGG";"Embraer 195";9
"1052";"Austrian";"OS 561";2021-11-05 06:35:00;2021-11-05 06:36:00;"Departed";"LSZH";"Airbus A320";1
"1053";"Austrian";"OS 403";2021-11-05 06:25:00;2021-11-05 06:34:00;"Departed";"LFLL";"Airbus A319";9
"1054";"Austrian";"OS 301";2021-11-05 06:20:00;2021-11-05 06:35:00;"Departed";"EKCH";"Airbus A321";15
"1055";"Austrian";"OS 351";2021-11-05 06:15:00;2021-11-05 06:33:00;"Departed";"EBBR";"Embraer 195";18
"1056";"Austrian";"OS 121";2021-11-05 06:15:00;2021-11-05 06:41:00;"Departed";"EDDF";"Airbus A320";26
"1057";"Austrian";"OS 111";2021-11-05 06:05:00;2021-11-05 06:15:00;"Departed";"EDDM";"Airbus A320";10
"1058";"Austrian";"OS 451";2021-11-05 05:45:00;2021-11-05 05:56:00;"Departed";"EGLL";"Airbus A320";11
"1059";"Austrian";"OS 311";2021-11-05 05:35:00;2021-11-05 05:47:00;"Departed";"ESSA";"Airbus A320";12
"1060";"Austrian";"OS 775";2021-11-04 21:40:00;2021-11-04 21:45:00;"Departed";"LWSK";"Embraer 195";5
"1061";"Austrian";"OS 849";2021-11-04 21:40:00;2021-11-04 21:50:00;"Departed";"LATI";"Airbus A319";10
"1062";"Austrian";"OS 641";2021-11-04 21:30:00;2021-11-04 21:59:00;"Departed";"UDYZ";"Airbus A320";29
"1063";"Austrian";"OS 737";2021-11-04 21:10:00;2021-11-04 21:29:00;"Departed";"LYBE";"Embraer 195";19
"1064";"Austrian";"OS 711";2021-11-04 21:05:00;2021-11-04 21:18:00;"Departed";"LKPR";"Embraer 195";13
"1065";"Austrian";"OS 767";2021-11-04 21:05:00;2021-11-04 21:28:00;"Departed";"LROP";"Airbus A319";23
"1066";"Austrian";"OS 913";2021-11-04 20:55:00;2021-11-04 21:06:00;"Departed";"LOWI";"Embraer 195";11
"1067";"Austrian";"OS 759";2021-11-04 20:55:00;2021-11-04 21:23:00;"Departed";"LQSA";"Embraer 195";28
"1068";"Austrian";"OS 667";2021-11-04 20:50:00;2021-11-04 21:09:00;"Departed";"UKBB";"Embraer 195";19
"1069";"Austrian";"OS 627";2021-11-04 20:45:00;2021-11-04 21:11:00;"Departed";"EPWA";"Embraer 195";26
"1070";"Austrian";"OS 8175";2021-11-04 20:35:00;2021-11-04 20:53:00;"Departed";"EBBR";"Airbus A319";18
"1071";"Austrian";"OS 605";2021-11-04 20:30:00;2021-11-04 20:43:00;"Departed";"UUDD";"Airbus A320";13
"1072";"Austrian";"OS 317";2021-11-04 20:00:00;2021-11-04 21:43:00;"Departed";"ESSA";"Airbus A321";103
"1073";"Austrian";"OS 239";2021-11-04 19:55:00;2021-11-04 20:05:00;"Departed";"EDDB";"Airbus A321";10
"1074";"Austrian";"OS 167";2021-11-04 19:45:00;2021-11-04 19:48:00;"Departed";"EDDH";"Airbus A320";3
"1075";"Austrian";"OS 419";2021-11-04 19:25:00;2021-11-04 19:43:00;"Departed";"LFPG";"Airbus A320";18
"1076";"Austrian";"OS 17";2021-11-04 19:25:00;2021-11-04 19:52:00;"Departed";"FIMP";"Boeing 777-200";27
"1077";"Austrian";"OS 377";2021-11-04 19:20:00;2021-11-04 19:25:00;"Departed";"EHAM";"Airbus A320";5
"1078";"Austrian";"OS 457";2021-11-04 19:15:00;2021-11-04 19:20:00;"Departed";"EGLL";"Airbus A320";5
"1079";"Austrian";"OS 859";2021-11-04 19:15:00;2021-11-04 19:24:00;"Departed";"LLBG";"Airbus A320";9
"1080";"Austrian";"OS 127";2021-11-04 19:10:00;2021-11-04 19:16:00;"Departed";"EDDF";"Airbus A320";6
"1081";"Austrian";"OS 631";2021-11-04 17:05:00;2021-11-04 17:13:00;"Departed";"EPWA";"Embraer 195";8
"1082";"Austrian";"OS 549";2021-11-04 16:50:00;2021-11-04 17:00:00;"Departed";"LIPE";"Embraer 195";10
"1083";"Austrian";"OS 565";2021-11-04 16:50:00;2021-11-04 17:10:00;"Departed";"LSZH";"Airbus A320";20
"1084";"Austrian";"OS 473";2021-11-04 16:45:00;2021-11-04 17:07:00;"Departed";"LFSB";"Embraer 195";22
"1085";"Austrian";"OS 505";2021-11-04 16:45:00;2021-11-04 17:08:00;"Departed";"LIRF";"Airbus A320";23
"1086";"Austrian";"OS 187";2021-11-04 16:40:00;2021-11-04 16:42:00;"Departed";"EDDS";"Embraer 195";2
"1087";"Austrian";"OS 315";2021-11-04 16:40:00;2021-11-04 16:53:00;"Departed";"ESSA";"Embraer 195";13
"1088";"Austrian";"OS 125";2021-11-04 16:35:00;2021-11-04 16:49:00;"Departed";"EDDF";"Airbus A321";14
"1089";"Austrian";"OS 195";2021-11-04 16:35:00;2021-11-04 16:41:00;"Departed";"EDDK";"Embraer 195";6
"1090";"Austrian";"OS 575";2021-11-04 16:35:00;2021-11-04 16:47:00;"Departed";"LSGG";"Embraer 195";12
"1091";"Austrian";"OS 355";2021-11-04 16:30:00;2021-11-04 16:54:00;"Departed";"EBBR";"Airbus A320";24
"1092";"Austrian";"OS 115";2021-11-04 16:30:00;2021-11-04 16:43:00;"Departed";"EDDM";"Embraer 195";13
"1093";"Austrian";"OS 455";2021-11-04 16:30:00;2021-11-04 16:50:00;"Departed";"EGLL";"Airbus A320";20
"1094";"Austrian";"OS 235";2021-11-04 16:25:00;2021-11-04 16:43:00;"Departed";"EDDB";"Airbus A320";18
"1095";"Austrian";"OS 155";2021-11-04 16:25:00;2021-11-04 16:36:00;"Departed";"EDDL";"Airbus A319";11
"1096";"Austrian";"OS 977";2021-11-04 16:25:00;2021-11-04 16:55:00;"Departed";"LOWG";"Embraer 195";30
"1097";"Austrian";"OS 375";2021-11-04 16:20:00;2021-11-04 16:39:00;"Departed";"EHAM";"Airbus A319";19
"1098";"Austrian";"OS 417";2021-11-04 16:20:00;2021-11-04 16:44:00;"Departed";"LFPG";"Airbus A321";24
"1099";"Austrian";"OS 25";2021-11-04 14:45:00;2021-11-04 15:01:00;"Departed";"VTBS";"Boeing 777-200";16
"1100";"Austrian";"OS 131";2021-11-04 14:10:00;2021-11-04 14:17:00;"Departed";"EDDF";"Airbus A320";7
"1101";"Austrian";"OS 373";2021-11-04 14:00:00;2021-11-04 13:59:00;"Departed";"EHAM";"Embraer 195";-1
"1102";"Austrian";"OS 741";2021-11-04 12:30:00;2021-11-04 12:36:00;"Departed";"LZKZ";"Embraer 195";6
"1103";"Austrian";"OS 853";2021-11-04 12:20:00;2021-11-04 12:35:00;"Departed";"OJAI";"Airbus A320";15
"1104";"Austrian";"OS 871";2021-11-04 12:15:00;2021-11-04 12:33:00;"Departed";"OIIE";"Airbus A320";18
"1105";"Austrian";"OS 963";2021-11-04 12:10:00;2021-11-04 12:10:00;"Departed";"LOWG";"Embraer 195";0
"1106";"Austrian";"OS 229";2021-11-04 12:05:00;2021-11-04 12:16:00;"Departed";"EDDB";"Airbus A320";11
"1107";"Austrian";"OS 727";2021-11-04 11:55:00;2021-11-04 12:08:00;"Departed";"LYPG";"Embraer 195";13
"1108";"Austrian";"OS 905";2021-11-04 11:55:00;2021-11-04 12:02:00;"Departed";"LOWI";"Embraer 195";7
"1109";"Austrian";"OS 655";2021-11-04 11:45:00;2021-11-04 11:58:00;"Departed";"LUKK";"Embraer 195";13
"1110";"Austrian";"OS 153";2021-11-04 11:40:00;2021-11-04 11:53:00;"Departed";"EDDL";"Airbus A320";13
"1111";"Austrian";"OS 831";2021-11-04 11:40:00;2021-11-04 12:15:00;"Departed";"LCLK";"Airbus A320";35
"1112";"Austrian";"OS 791";2021-11-04 11:35:00;2021-11-04 12:00:00;"Departed";"LROP";"Airbus A320";25
"1113";"Austrian";"OS 777";2021-11-04 11:35:00;2021-11-04 11:54:00;"Departed";"BKPR";"Embraer 195";19
"1114";"Austrian";"OS 809";2021-11-04 11:35:00;2021-11-04 11:56:00;"Departed";"LGTS";"Airbus A320";21
"1115";"Austrian";"OS 661";2021-11-04 11:05:00;2021-11-04 11:14:00;"Departed";"UKBB";"Embraer 195";9
"1116";"Austrian";"OS 9505";2021-11-04 10:30:00;2021-11-04 10:44:00;"Departed";"GCTS";"Airbus A320";14
"1117";"Austrian";"OS 801";2021-11-04 10:00:00;2021-11-04 09:58:00;"Departed";"LGAV";"Airbus A320";-2
"1118";"Austrian";"OS 9503";2021-11-04 09:55:00;2021-11-04 10:12:00;"Departed";"GCLP";"Airbus A320";17
"1119";"Austrian";"OS 87";2021-11-04 09:45:00;2021-11-04 12:05:00;"Departed";"KJFK";"Boeing 767-300 (winglets)";140
"1120";"Austrian";"OS 95";2021-11-04 09:40:00;2021-11-04 10:10:00;"Departed";"MMUN";"Boeing 777-200";30
"1121";"Austrian";"OS 93";2021-11-04 09:35:00;2021-11-04 09:46:00;"Departed";"KIAD";"Boeing 767-300 (winglets)";11
"1122";"Austrian";"OS 829";2021-11-04 09:20:00;2021-11-04 09:34:00;"Departed";"ORER";"Airbus A320";14
"1123";"Austrian";"OS 65";2021-11-04 09:15:00;2021-11-04 09:43:00;"Departed";"KORD";"Boeing 767-300 (winglets)";28
"1124";"Austrian";"OS 129";2021-11-04 09:10:00;2021-11-04 09:14:00;"Departed";"EDDF";"Embraer 195";4
"1125";"Austrian";"OS 601";2021-11-04 09:00:00;2021-11-04 09:16:00;"Departed";"UUDD";"Airbus A320";16
"1126";"Austrian";"OS 837";2021-11-04 08:40:00;2021-11-04 08:50:00;"Departed";"LCLK";"Airbus A321-100/200";10
"1127";"Austrian";"OS 385";2021-11-04 08:40:00;2021-11-04 09:04:00;"Departed";"LEMG";"Airbus A321";24
"1128";"Austrian";"OS 625";2021-11-04 07:20:00;2021-11-04 07:22:00;"Departed";"EPWA";"Embraer 195";2
"1129";"Austrian";"OS 177";2021-11-04 06:50:00;2021-11-04 07:02:00;"Departed";"EDDS";"Embraer 195";12
"1130";"Austrian";"OS 223";2021-11-04 06:40:00;2021-11-04 06:36:00;"Departed";"EDDB";"Airbus A319";-4
"1131";"Austrian";"OS 471";2021-11-04 06:40:00;2021-11-04 06:44:00;"Departed";"LFSB";"Embraer 195";4
"1132";"Austrian";"OS 291";2021-11-04 06:40:00;2021-11-04 06:50:00;"Departed";"EDDV";"Embraer 195";10
"1133";"Austrian";"OS 571";2021-11-04 06:35:00;2021-11-04 06:39:00;"Departed";"LSGG";"Embraer 195";4
"1134";"Austrian";"OS 561";2021-11-04 06:35:00;2021-11-04 06:41:00;"Departed";"LSZH";"Airbus A320";6
"1135";"Austrian";"OS 151";2021-11-04 06:35:00;2021-11-04 06:43:00;"Departed";"EDDL";"Embraer 195";8
"1136";"Austrian";"OS 191";2021-11-04 06:35:00;2021-11-04 06:46:00;"Departed";"EDDK";"Embraer 195";11
"1137";"Austrian";"OS 175";2021-11-04 06:35:00;2021-11-04 06:48:00;"Departed";"EDDH";"Airbus A319";13
"1138";"Austrian";"OS 411";2021-11-04 06:10:00;2021-11-04 06:38:00;"Departed";"LFPG";"Airbus A320";28
"1139";"Austrian";"OS 111";2021-11-04 06:05:00;2021-11-04 06:18:00;"Departed";"EDDM";"Airbus A320";13
"1140";"Austrian";"OS 391";2021-11-04 06:00:00;2021-11-04 06:08:00;"Departed";"LEBL";"Airbus A320";8
"1141";"Austrian";"OS 451";2021-11-04 05:45:00;2021-11-04 05:56:00;"Departed";"EGLL";"Airbus A320";11
"1142";"Austrian";"OS 975";2021-11-03 21:45:00;2021-11-03 21:58:00;"Departed";"LOWG";"Embraer 195";13
"1143";"Austrian";"OS 679";2021-11-03 21:45:00;2021-11-03 22:47:00;"Departed";"UKDE";"Embraer EMB 195";62
"1144";"Austrian";"OS 849";2021-11-03 21:40:00;2021-11-03 22:04:00;"Departed";"LATI";"Airbus A319";24
"1145";"Austrian";"OS 775";2021-11-03 21:40:00;2021-11-03 22:00:00;"Departed";"LWSK";"Embraer 195";20
"1146";"Austrian";"OS 737";2021-11-03 21:10:00;2021-11-03 21:29:00;"Departed";"LYBE";"Embraer 195";19
"1147";"Austrian";"OS 711";2021-11-03 21:05:00;2021-11-03 21:17:00;"Departed";"LKPR";"Embraer EMB 195";12
"1148";"Austrian";"OS 767";2021-11-03 21:05:00;2021-11-03 21:20:00;"Departed";"LROP";"Airbus A319";15
"1149";"Austrian";"OS 913";2021-11-03 20:55:00;2021-11-03 20:55:00;"Departed";"LOWI";"Embraer 195";0
"1150";"Austrian";"OS 759";2021-11-03 20:55:00;2021-11-03 21:14:00;"Departed";"LQSA";"Embraer 195";19
"1151";"Austrian";"OS 627";2021-11-03 20:45:00;2021-11-03 20:59:00;"Departed";"EPWA";"Embraer 195";14
"1152";"Austrian";"OS 8175";2021-11-03 20:35:00;2021-11-03 20:46:00;"Departed";"EBBR";"Airbus A319";11
"1153";"Austrian";"OS 317";2021-11-03 20:00:00;2021-11-03 20:11:00;"Departed";"ESSA";"Airbus A321";11
"1154";"Austrian";"OS 239";2021-11-03 19:55:00;2021-11-03 20:33:00;"Departed";"EDDB";"Airbus A320";38
"1155";"Austrian";"OS 167";2021-11-03 19:45:00;2021-11-03 20:13:00;"Departed";"EDDH";"Airbus A320-100/200";28
"1156";"Austrian";"OS 419";2021-11-03 19:25:00;2021-11-03 19:36:00;"Departed";"LFPG";"Airbus A320";11
"1157";"Austrian";"OS 377";2021-11-03 19:20:00;2021-11-03 19:31:00;"Departed";"EHAM";"Airbus A320";11
"1158";"Austrian";"OS 859";2021-11-03 19:15:00;2021-11-03 19:25:00;"Departed";"LLBG";"Airbus A320";10
"1159";"Austrian";"OS 457";2021-11-03 19:15:00;2021-11-03 19:27:00;"Departed";"EGLL";"Airbus A320";12
"1160";"Austrian";"OS 45";2021-11-03 18:50:00;2021-11-03 19:08:00;"Departed";"VRMM";"Boeing 777-200";18
"1161";"Austrian";"OS 631";2021-11-03 17:05:00;2021-11-03 17:11:00;"Departed";"EPWA";"Embraer 195";6
"1162";"Austrian";"OS 565";2021-11-03 16:50:00;2021-11-03 17:45:00;"Departed";"LSZH";"Airbus A321";55
"1163";"Austrian";"OS 473";2021-11-03 16:45:00;2021-11-03 16:57:00;"Departed";"LFSB";"Embraer 195";12
"1164";"Austrian";"OS 187";2021-11-03 16:40:00;2021-11-03 16:59:00;"Departed";"EDDS";"Embraer 195";19
"1165";"Austrian";"OS 195";2021-11-03 16:35:00;2021-11-03 16:42:00;"Departed";"EDDK";"Embraer 195";7
"1166";"Austrian";"OS 125";2021-11-03 16:35:00;2021-11-03 16:51:00;"Departed";"EDDF";"Airbus A320";16
"1167";"Austrian";"OS 575";2021-11-03 16:35:00;2021-11-03 16:53:00;"Departed";"LSGG";"Embraer 195";18
"1168";"Austrian";"OS 115";2021-11-03 16:30:00;2021-11-03 16:43:00;"Departed";"EDDM";"Embraer 195";13
"1169";"Austrian";"OS 355";2021-11-03 16:30:00;2021-11-03 16:48:00;"Departed";"EBBR";"Airbus A320";18
"1170";"Austrian";"OS 455";2021-11-03 16:30:00;2021-11-03 16:54:00;"Departed";"EGLL";"Airbus A320";24
"1171";"Austrian";"OS 393";2021-11-03 16:25:00;2021-11-03 16:49:00;"Departed";"LEBL";"Embraer 195";24
"1172";"Austrian";"OS 155";2021-11-03 16:25:00;2021-11-03 16:33:00;"Departed";"EDDL";"Airbus A319";8
"1173";"Austrian";"OS 235";2021-11-03 16:25:00;2021-11-03 16:37:00;"Departed";"EDDB";"Airbus A319";12
"1174";"Austrian";"OS 417";2021-11-03 16:20:00;2021-11-03 16:45:00;"Departed";"LFPG";"Airbus A320";25
"1175";"Austrian";"OS 375";2021-11-03 16:20:00;2021-11-03 16:34:00;"Departed";"EHAM";"Embraer 195";14
"1176";"Austrian";"OS 25";2021-11-03 14:55:00;2021-11-03 14:59:00;"Departed";"VTBS";"Boeing 777-200";4
"1177";"Austrian";"OS 373";2021-11-03 14:00:00;2021-11-03 14:02:00;"Departed";"EHAM";"Airbus A320";2
"1178";"Austrian";"OS 863";2021-11-03 12:45:00;2021-11-03 12:59:00;"Departed";"HECA";"Airbus A320";14
"1179";"Austrian";"OS 741";2021-11-03 12:30:00;2021-11-03 12:32:00;"Departed";"LZKZ";"Embraer 195";2
"1180";"Austrian";"OS 313";2021-11-03 12:25:00;2021-11-03 12:34:00;"Departed";"ESSA";"Airbus A321";9
"1181";"Austrian";"OS 757";2021-11-03 12:15:00;2021-11-03 12:24:00;"Departed";"LQSA";"Embraer EMB 195";9
"1182";"Austrian";"OS 871";2021-11-03 12:15:00;2021-11-03 12:27:00;"Departed";"OIIE";"Airbus A320-100/200";12
"1183";"Austrian";"OS 963";2021-11-03 12:10:00;2021-11-03 12:13:00;"Departed";"LOWG";"Embraer 195";3
"1184";"Austrian";"OS 773";2021-11-03 12:10:00;2021-11-03 12:21:00;"Departed";"LYBE";"Embraer EMB 195";11
"1185";"Austrian";"OS 229";2021-11-03 12:05:00;2021-11-03 12:04:00;"Departed";"EDDB";"Airbus A320";-1
"1186";"Austrian";"OS 569";2021-11-03 12:00:00;2021-11-03 12:02:00;"Departed";"LSZH";"Airbus A320";2
"1187";"Austrian";"OS 905";2021-11-03 11:55:00;2021-11-03 12:17:00;"Departed";"LOWI";"Embraer EMB 195";22
"1188";"Austrian";"OS 797";2021-11-03 11:50:00;2021-11-03 12:01:00;"Departed";"LBSF";"Airbus A320";11
"1189";"Austrian";"OS 153";2021-11-03 11:40:00;2021-11-03 11:56:00;"Departed";"EDDL";"Airbus A319";16
"1190";"Austrian";"OS 831";2021-11-03 11:35:00;2021-11-03 12:43:00;"Departed";"LCLK";"Airbus A321";68
"1191";"Austrian";"OS 791";2021-11-03 11:35:00;2021-11-03 11:39:00;"Departed";"LROP";"Airbus A320";4
"1192";"Austrian";"OS 777";2021-11-03 11:35:00;2021-11-03 11:44:00;"Departed";"BKPR";"Embraer 195";9
"1193";"Austrian";"OS 809";2021-11-03 11:35:00;2021-11-03 11:53:00;"Departed";"LGTS";"Airbus A320";18
"1194";"Austrian";"OS 619";2021-11-03 11:25:00;2021-11-03 11:32:00;"Departed";"UKOO";"Embraer 195";7
"1195";"Austrian";"OS 763";2021-11-03 11:25:00;2021-11-03 11:42:00;"Departed";"LBWN";"Airbus A320";17
"1196";"Austrian";"OS 661";2021-11-03 11:05:00;2021-11-03 11:14:00;"Departed";"UKBB";"Embraer 195";9
"1197";"Austrian";"OS 801";2021-11-03 10:00:00;2021-11-03 10:04:00;"Departed";"LGAV";"Airbus A320";4
"1198";"Austrian";"OS 73";2021-11-03 09:35:00;2021-11-03 09:48:00;"Departed";"CYUL";"Boeing 767-300 (winglets)";13
"1199";"Austrian";"OS 89";2021-11-03 09:25:00;2021-11-03 09:36:00;"Departed";"KEWR";"Boeing 767-300 (winglets)";11
"1200";"Austrian";"OS 65";2021-11-03 09:15:00;2021-11-03 09:31:00;"Departed";"KORD";"Boeing 767-300 (winglets)";16
"1201";"Austrian";"OS 129";2021-11-03 09:10:00;2021-11-03 09:20:00;"Departed";"EDDF";"Airbus A320";10
"1202";"Austrian";"OS 601";2021-11-03 09:00:00;2021-11-03 09:03:00;"Departed";"UUDD";"Embraer 195";3
"1203";"Austrian";"OS 521";2021-11-03 08:00:00;2021-11-03 08:17:00;"Departed";"LIPZ";"Embraer EMB 195";17
"1204";"Austrian";"OS 625";2021-11-03 07:20:00;2021-11-03 07:29:00;"Departed";"EPWA";"Embraer 195";9
"1205";"Austrian";"OS 177";2021-11-03 06:50:00;2021-11-03 07:19:00;"Departed";"EDDS";"Embraer 195";29
"1206";"Austrian";"OS 223";2021-11-03 06:40:00;2021-11-03 06:57:00;"Departed";"EDDB";"Airbus A319";17
"1207";"Austrian";"OS 291";2021-11-03 06:40:00;2021-11-03 07:01:00;"Departed";"EDDV";"Embraer 195";21
"1208";"Austrian";"OS 471";2021-11-03 06:40:00;2021-11-03 06:56:00;"Departed";"LFSB";"Embraer 195";16
"1209";"Austrian";"OS 175";2021-11-03 06:35:00;2021-11-03 07:22:00;"Departed";"EDDH";"Embraer 195";47
"1210";"Austrian";"OS 191";2021-11-03 06:35:00;2021-11-03 06:42:00;"Departed";"EDDK";"Embraer 195";7
"1211";"Austrian";"OS 151";2021-11-03 06:35:00;2021-11-03 07:13:00;"Departed";"EDDL";"Airbus A319";38
"1212";"Austrian";"OS 571";2021-11-03 06:35:00;2021-11-03 06:52:00;"Departed";"LSGG";"Embraer 195";17
"1213";"Austrian";"OS 561";2021-11-03 06:35:00;2021-11-03 07:18:00;"Departed";"LSZH";"Airbus A320";43
"1214";"Austrian";"OS 301";2021-11-03 06:20:00;2021-11-03 06:44:00;"Departed";"EKCH";"Airbus A320";24
"1215";"Austrian";"OS 121";2021-11-03 06:15:00;2021-11-03 06:38:00;"Departed";"EDDF";"Airbus A320";23
"1216";"Austrian";"OS 371";2021-11-03 06:15:00;2021-11-03 07:08:00;"Departed";"EHAM";"Embraer 195";53
"1217";"Austrian";"OS 411";2021-11-03 06:10:00;2021-11-03 06:22:00;"Departed";"LFPG";"Airbus A320";12
"1218";"Austrian";"OS 111";2021-11-03 06:05:00;2021-11-03 06:20:00;"Departed";"EDDM";"Airbus A320";15
"1219";"Austrian";"OS 775";2021-11-02 21:40:00;2021-11-02 21:46:00;"Departed";"LWSK";"Embraer 195";6
"1220";"Austrian";"OS 641";2021-11-02 21:30:00;2021-11-02 21:59:00;"Departed";"UDYZ";"Airbus A320";29
"1221";"Austrian";"OS 737";2021-11-02 21:10:00;2021-11-02 21:17:00;"Departed";"LYBE";"Embraer 195";7
"1222";"Austrian";"OS 767";2021-11-02 21:05:00;2021-11-02 21:05:00;"Departed";"LROP";"Airbus A319";0
"1223";"Austrian";"OS 759";2021-11-02 20:55:00;2021-11-02 21:00:00;"Departed";"LQSA";"Embraer 195";5
"1224";"Austrian";"OS 17";2021-11-02 19:25:00;2021-11-02 19:42:00;"Departed";"FIMP";"Boeing 777-200";17
"1225";"Austrian";"OS 377";2021-11-02 19:20:00;2021-11-02 19:28:00;"Departed";"EHAM";"Airbus A320";8
"1226";"Austrian";"OS 729";2021-11-02 18:50:00;2021-11-02 19:02:00;"Departed";"LYPG";"Embraer 195";12
"1227";"Austrian";"OS 631";2021-11-02 17:05:00;2021-11-02 17:10:00;"Departed";"EPWA";"Embraer 195";5
"1228";"Austrian";"OS 565";2021-11-02 16:50:00;2021-11-02 17:02:00;"Departed";"LSZH";"Airbus A320";12
"1229";"Austrian";"OS 473";2021-11-02 16:45:00;2021-11-02 16:55:00;"Departed";"LFSB";"Embraer 195";10
"1230";"Austrian";"OS 505";2021-11-02 16:45:00;2021-11-02 17:04:00;"Departed";"LIRF";"Airbus A321";19
"1231";"Austrian";"OS 901";2021-11-02 16:40:00;2021-11-02 16:47:00;"Departed";"LOWI";"Embraer 195";7
"1232";"Austrian";"OS 187";2021-11-02 16:40:00;2021-11-02 16:50:00;"Departed";"EDDS";"Embraer 195";10
"1233";"Austrian";"OS 195";2021-11-02 16:35:00;2021-11-02 16:43:00;"Departed";"EDDK";"Embraer 195";8
"1234";"Austrian";"OS 125";2021-11-02 16:35:00;2021-11-02 16:57:00;"Departed";"EDDF";"Airbus A320";22
"1235";"Austrian";"OS 575";2021-11-02 16:35:00;2021-11-02 16:58:00;"Departed";"LSGG";"Embraer 195";23
"1236";"Austrian";"OS 115";2021-11-02 16:30:00;2021-11-02 16:44:00;"Departed";"EDDM";"Embraer 195";14
"1237";"Austrian";"OS 355";2021-11-02 16:30:00;2021-11-02 16:46:00;"Departed";"EBBR";"Airbus A320";16
"1238";"Austrian";"OS 455";2021-11-02 16:30:00;2021-11-02 16:49:00;"Departed";"EGLL";"Airbus A320";19
"1239";"Austrian";"OS 155";2021-11-02 16:25:00;2021-11-02 16:36:00;"Departed";"EDDL";"Airbus A319";11
"1240";"Austrian";"OS 235";2021-11-02 16:25:00;2021-11-02 16:39:00;"Departed";"EDDB";"Airbus A319";14
"1241";"Austrian";"OS 417";2021-11-02 16:20:00;2021-11-02 16:40:00;"Departed";"LFPG";"Airbus A321";20
"1242";"Austrian";"OS 6025";2021-11-02 15:06:00;2021-11-02 15:06:00;"Departed";"VTBS";"Boeing 777-200";0
"1243";"Austrian";"OS 373";2021-11-02 14:00:00;2021-11-02 13:58:00;"Departed";"EHAM";"Embraer 195";-2
"1244";"Austrian";"OS 853";2021-11-02 12:20:00;2021-11-02 12:20:00;"Departed";"OJAI";"Airbus A320-100/200";0
"1245";"Austrian";"OS 861";2021-11-02 12:20:00;2021-11-02 12:45:00;"Departed";"LLBG";"Airbus A320";25
"1246";"Austrian";"OS 757";2021-11-02 12:15:00;2021-11-02 12:20:00;"Departed";"LQSA";"Embraer EMB 195";5
"1247";"Austrian";"OS 963";2021-11-02 12:10:00;2021-11-02 12:08:00;"Departed";"LOWG";"Embraer 195";-2
"1248";"Austrian";"OS 773";2021-11-02 12:10:00;2021-11-02 12:10:00;"Departed";"LYBE";"Embraer 195";0
"1249";"Austrian";"OS 655";2021-11-02 12:10:00;2021-11-02 12:15:00;"Departed";"LUKK";"Embraer EMB 195";5
"1250";"Austrian";"OS 229";2021-11-02 12:05:00;2021-11-02 12:09:00;"Departed";"EDDB";"Airbus A320";4
"1251";"Austrian";"OS 569";2021-11-02 12:00:00;2021-11-02 12:04:00;"Departed";"LSZH";"Embraer 195";4
"1252";"Austrian";"OS 9037";2021-11-02 12:00:00;2021-11-02 12:11:00;"Departed";"LGSR";"Embraer 195";11
"1253";"Austrian";"OS 905";2021-11-02 11:55:00;2021-11-02 11:59:00;"Departed";"LOWI";"Embraer 195";4
"1254";"Austrian";"OS 727";2021-11-02 11:55:00;2021-11-02 12:02:00;"Departed";"LYPG";"Embraer 195";7
"1255";"Austrian";"OS 797";2021-11-02 11:50:00;2021-11-02 11:57:00;"Departed";"LBSF";"Airbus A319";7
"1256";"Austrian";"OS 153";2021-11-02 11:40:00;2021-11-02 11:49:00;"Departed";"EDDL";"Airbus A319";9
"1257";"Austrian";"OS 791";2021-11-02 11:35:00;2021-11-02 11:37:00;"Departed";"LROP";"Airbus A320";2
"1258";"Austrian";"OS 777";2021-11-02 11:35:00;2021-11-02 11:42:00;"Departed";"BKPR";"Embraer 195";7
"1259";"Austrian";"OS 809";2021-11-02 11:35:00;2021-11-02 11:44:00;"Departed";"LGTS";"Airbus A320";9
"1260";"Austrian";"OS 807";2021-11-02 11:30:00;2021-11-02 11:46:00;"Departed";"LGAV";"Airbus A321";16
"1261";"Austrian";"OS 831";2021-11-02 11:20:00;2021-11-02 11:38:00;"Departed";"LCLK";"Boeing 777-200";18
"1262";"Austrian";"OS 661";2021-11-02 11:05:00;2021-11-02 11:20:00;"Departed";"UKBB";"Embraer 195";15
"1263";"Austrian";"OS 801";2021-11-02 10:00:00;2021-11-02 10:18:00;"Departed";"LGAV";"Airbus A321-100/200";18
"1264";"Austrian";"OS 87";2021-11-02 09:45:00;2021-11-02 09:55:00;"Departed";"KJFK";"Boeing 767-300 (winglets)";10
"1265";"Austrian";"OS 93";2021-11-02 09:35:00;2021-11-02 09:40:00;"Departed";"KIAD";"Boeing 767-300 (winglets)";5
"1266";"Austrian";"OS 129";2021-11-02 09:10:00;2021-11-02 09:13:00;"Departed";"EDDF";"Embraer 195";3
"1267";"Austrian";"OS 601";2021-11-02 09:00:00;2021-11-02 09:16:00;"Departed";"UUDD";"Airbus A320";16
"1268";"Austrian";"OS 837";2021-11-02 08:40:00;2021-11-02 08:47:00;"Departed";"LCLK";"Airbus A321";7
"1269";"Austrian";"OS 385";2021-11-02 08:40:00;2021-11-02 08:48:00;"Departed";"LEMG";"Airbus A321";8
"1270";"Austrian";"OS 625";2021-11-02 07:20:00;2021-11-02 07:25:00;"Departed";"EPWA";"Embraer EMB 195";5
"1271";"Austrian";"OS 177";2021-11-02 06:50:00;2021-11-02 07:01:00;"Departed";"EDDS";"Embraer 195";11
"1272";"Austrian";"OS 471";2021-11-02 06:40:00;2021-11-02 06:44:00;"Departed";"LFSB";"Embraer 195";4
"1273";"Austrian";"OS 223";2021-11-02 06:40:00;2021-11-02 06:49:00;"Departed";"EDDB";"Airbus A320";9
"1274";"Austrian";"OS 291";2021-11-02 06:40:00;2021-11-02 07:14:00;"Departed";"EDDV";"Embraer 195";34
"1275";"Austrian";"OS 191";2021-11-02 06:35:00;2021-11-02 06:38:00;"Departed";"EDDK";"Embraer 195";3
"1276";"Austrian";"OS 571";2021-11-02 06:35:00;2021-11-02 06:42:00;"Departed";"LSGG";"Embraer 195";7
"1277";"Austrian";"OS 151";2021-11-02 06:35:00;2021-11-02 06:43:00;"Departed";"EDDL";"Airbus A319";8
"1278";"Austrian";"OS 561";2021-11-02 06:35:00;2021-11-02 06:46:00;"Departed";"LSZH";"Airbus A320";11
"1279";"Austrian";"OS 175";2021-11-02 06:35:00;2021-11-02 06:47:00;"Departed";"EDDH";"Embraer 195";12
"1280";"Austrian";"OS 371";2021-11-02 06:15:00;2021-11-02 06:19:00;"Departed";"EHAM";"Embraer 195";4
"1281";"Austrian";"OS 411";2021-11-02 06:10:00;2021-11-02 06:20:00;"Departed";"LFPG";"Airbus A320";10
"1282";"Austrian";"OS 111";2021-11-02 06:05:00;2021-11-02 06:22:00;"Departed";"EDDM";"Airbus A321";17
"1283";"Austrian";"OS 975";2021-11-01 21:45:00;2021-11-01 21:53:00;"Departed";"LOWG";"Embraer 195";8
"1284";"Austrian";"OS 849";2021-11-01 21:40:00;2021-11-01 21:48:00;"Departed";"LATI";"Airbus A320";8
"1285";"Austrian";"OS 737";2021-11-01 21:10:00;2021-11-01 21:12:00;"Departed";"LYBE";"Embraer 195";2
"1286";"Austrian";"OS 711";2021-11-01 21:05:00;2021-11-01 21:10:00;"Departed";"LKPR";"Embraer 195";5
"1287";"Austrian";"OS 767";2021-11-01 21:05:00;2021-11-01 21:15:00;"Departed";"LROP";"Airbus A320";10
"1288";"Austrian";"OS 759";2021-11-01 20:55:00;2021-11-01 20:55:00;"Departed";"LQSA";"Airbus A320-100/200";0
"1289";"Austrian";"OS 377";2021-11-01 19:20:00;2021-11-01 19:24:00;"Departed";"EHAM";"Airbus A320";4
"1290";"Austrian";"OS 45";2021-11-01 18:50:00;2021-11-01 19:05:00;"Departed";"VRMM";"Boeing 777-200";15
"1291";"Austrian";"OS 237";2021-11-01 18:05:00;2021-11-01 18:09:00;"Departed";"EDDB";"Airbus A319";4
"1292";"Austrian";"OS 631";2021-11-01 17:05:00;2021-11-01 17:12:00;"Departed";"EPWA";"Embraer 195";7
"1293";"Austrian";"OS 473";2021-11-01 16:45:00;2021-11-01 17:00:00;"Departed";"LFSB";"Airbus A320";15
"1294";"Austrian";"OS 505";2021-11-01 16:45:00;2021-11-01 17:23:00;"Departed";"LIRF";"Airbus A321";38
"1295";"Austrian";"OS 187";2021-11-01 16:40:00;2021-11-01 16:47:00;"Departed";"EDDS";"Embraer 195";7
"1296";"Austrian";"OS 315";2021-11-01 16:40:00;2021-11-01 16:55:00;"Departed";"ESSA";"Embraer 195";15
"1297";"Austrian";"OS 901";2021-11-01 16:40:00;2021-11-01 16:48:00;"Departed";"LOWI";"Embraer 195";8
"1298";"Austrian";"OS 575";2021-11-01 16:35:00;2021-11-01 16:43:00;"Departed";"LSGG";"Embraer 195";8
"1299";"Austrian";"OS 125";2021-11-01 16:35:00;2021-11-01 16:50:00;"Departed";"EDDF";"Airbus A320";15
"1300";"Austrian";"OS 195";2021-11-01 16:35:00;2021-11-01 16:52:00;"Departed";"EDDK";"Airbus A320";17
"1301";"Austrian";"OS 115";2021-11-01 16:30:00;2021-11-01 16:38:00;"Departed";"EDDM";"Embraer 195";8
"1302";"Austrian";"OS 355";2021-11-01 16:30:00;2021-11-01 16:44:00;"Departed";"EBBR";"Airbus A320";14
"1303";"Austrian";"OS 455";2021-11-01 16:30:00;2021-11-01 16:54:00;"Departed";"EGLL";"Airbus A320";24
"1304";"Austrian";"OS 171";2021-11-01 16:30:00;2021-11-01 16:56:00;"Departed";"EDDH";"Airbus A320";26
"1305";"Austrian";"OS 155";2021-11-01 16:25:00;2021-11-01 16:46:00;"Departed";"EDDL";"Airbus A320";21
"1306";"Austrian";"OS 235";2021-11-01 16:25:00;2021-11-01 16:34:00;"Departed";"EDDB";"Airbus A320";9
"1307";"Austrian";"OS 417";2021-11-01 16:20:00;2021-11-01 16:42:00;"Departed";"LFPG";"Airbus A321";22
"1308";"Austrian";"OS 375";2021-11-01 16:20:00;2021-11-01 16:32:00;"Departed";"EHAM";"Embraer 195";12
"1309";"Austrian";"OS 25";2021-11-01 14:45:00;2021-11-01 15:28:00;"Departed";"VTBS";"Boeing 777-200";43
"1310";"Austrian";"OS 563";2021-11-01 14:10:00;2021-11-01 14:14:00;"Departed";"LSZH";"Airbus A320-100/200";4
"1311";"Austrian";"OS 9001";2021-11-01 14:00:00;2021-11-01 14:19:00;"Departed";"LGIR";"Airbus A321-100/200";19
"1312";"Austrian";"OS 373";2021-11-01 14:00:00;2021-11-01 15:52:00;"Departed";"EHAM";"Airbus A320";112
"1313";"Austrian";"OS 863";2021-11-01 12:45:00;2021-11-01 12:58:00;"Departed";"HECA";"Airbus A320";13
"1314";"Austrian";"OS 683";2021-11-01 12:35:00;2021-11-01 12:41:00;"Departed";"LDZA";"Embraer 195";6
"1315";"Austrian";"OS 741";2021-11-01 12:30:00;2021-11-01 12:36:00;"Departed";"LZKZ";"Embraer 195";6
"1316";"Austrian";"OS 313";2021-11-01 12:25:00;2021-11-01 12:39:00;"Departed";"ESSA";"Airbus A320";14
"1317";"Austrian";"OS 871";2021-11-01 12:15:00;2021-11-01 12:25:00;"Departed";"OIIE";"Airbus A320";10
"1318";"Austrian";"OS 757";2021-11-01 12:15:00;2021-11-01 12:26:00;"Departed";"LQSA";"Embraer 195";11
"1319";"Austrian";"OS 963";2021-11-01 12:10:00;2021-11-01 12:22:00;"Departed";"LOWG";"Embraer 195";12
"1320";"Austrian";"OS 229";2021-11-01 12:05:00;2021-11-01 12:19:00;"Departed";"EDDB";"Airbus A321";14
"1321";"Austrian";"OS 569";2021-11-01 12:00:00;2021-11-01 12:20:00;"Departed";"LSZH";"Airbus A320";20
"1322";"Austrian";"OS 731";2021-11-01 11:55:00;2021-11-01 12:05:00;"Departed";"LDDU";"Airbus A320";10
"1323";"Austrian";"OS 727";2021-11-01 11:55:00;2021-11-01 12:16:00;"Departed";"LYPG";"Embraer 195";21
"1324";"Austrian";"OS 905";2021-11-01 11:55:00;2021-11-01 12:18:00;"Departed";"LOWI";"Embraer 195";23
"1325";"Austrian";"OS 797";2021-11-01 11:50:00;2021-11-01 12:00:00;"Departed";"LBSF";"Airbus A320";10
"1326";"Austrian";"OS 153";2021-11-01 11:40:00;2021-11-01 11:59:00;"Departed";"EDDL";"Airbus A320";19
"1327";"Austrian";"OS 809";2021-11-01 11:35:00;2021-11-01 11:45:00;"Departed";"LGTS";"Airbus A320";10
"1328";"Austrian";"OS 777";2021-11-01 11:35:00;2021-11-01 11:56:00;"Departed";"BKPR";"Embraer 195";21
"1329";"Austrian";"OS 831";2021-11-01 11:35:00;2021-11-01 12:02:00;"Departed";"LCLK";"Airbus A321";27
"1330";"Austrian";"OS 791";2021-11-01 11:35:00;2021-11-01 12:23:00;"Departed";"LROP";"Airbus A320";48
"1331";"Austrian";"OS 619";2021-11-01 11:25:00;2021-11-01 11:37:00;"Departed";"UKOO";"Embraer 195";12
"1332";"Austrian";"OS 661";2021-11-01 11:05:00;2021-11-01 11:18:00;"Departed";"UKBB";"Airbus A320";13
"1333";"Austrian";"OS 801";2021-11-01 10:00:00;2021-11-01 10:11:00;"Departed";"LGAV";"Airbus A320";11
"1334";"Austrian";"OS 73";2021-11-01 09:35:00;2021-11-01 09:50:00;"Departed";"CYUL";"Boeing 767-300 (winglets)";15
"1335";"Austrian";"OS 89";2021-11-01 09:25:00;2021-11-01 10:07:00;"Departed";"KEWR";"Boeing 767-300 (winglets)";42
"1336";"Austrian";"OS 463";2021-11-01 09:20:00;2021-11-01 09:54:00;"Departed";"EGCC";"Embraer 195";34
"1337";"Austrian";"OS 335";2021-11-01 09:20:00;2021-11-01 09:30:00;"Departed";"ENGM";"Airbus A320";10
"1338";"Austrian";"OS 65";2021-11-01 09:15:00;2021-11-01 09:40:00;"Departed";"KORD";"Boeing 767-300 (winglets)";25
"1339";"Austrian";"OS 129";2021-11-01 09:10:00;2021-11-01 09:24:00;"Departed";"EDDF";"Airbus A320";14
"1340";"Austrian";"OS 601";2021-11-01 09:00:00;2021-11-01 09:03:00;"Departed";"UUDD";"Airbus A320";3
"1341";"Austrian";"OS 837";2021-11-01 08:40:00;2021-11-01 08:59:00;"Departed";"LCLK";"Airbus A321";19
"1342";"Austrian";"OS 521";2021-11-01 08:00:00;2021-11-01 08:07:00;"Departed";"LIPZ";"Embraer EMB 195";7
"1343";"Austrian";"OS 9005";2021-11-01 07:25:00;2021-11-01 07:29:00;"Departed";"LGSA";"Airbus A321";4
"1344";"Austrian";"OS 625";2021-11-01 07:20:00;2021-11-01 07:26:00;"Departed";"EPWA";"Embraer 195";6
"1345";"Austrian";"OS 177";2021-11-01 06:50:00;2021-11-01 06:57:00;"Departed";"EDDS";"Embraer 195";7
"1346";"Austrian";"OS 291";2021-11-01 06:40:00;2021-11-01 06:47:00;"Departed";"EDDV";"Embraer 195";7
"1347";"Austrian";"OS 471";2021-11-01 06:40:00;2021-11-01 06:50:00;"Departed";"LFSB";"Embraer 195";10
"1348";"Austrian";"OS 223";2021-11-01 06:40:00;2021-11-01 06:51:00;"Departed";"EDDB";"Airbus A321";11
"1349";"Austrian";"OS 151";2021-11-01 06:35:00;2021-11-01 06:44:00;"Departed";"EDDL";"Airbus A319";9
"1350";"Austrian";"OS 571";2021-11-01 06:35:00;2021-11-01 06:46:00;"Departed";"LSGG";"Airbus A319";11
"1351";"Austrian";"OS 175";2021-11-01 06:35:00;2021-11-01 06:48:00;"Departed";"EDDH";"Airbus A320";13
"1352";"Austrian";"OS 561";2021-11-01 06:35:00;2021-11-01 06:52:00;"Departed";"LSZH";"Airbus A320";17
"1353";"Austrian";"OS 191";2021-11-01 06:30:00;2021-11-01 06:41:00;"Departed";"EDDK";"Embraer 195";11
"1354";"Austrian";"OS 403";2021-11-01 06:25:00;2021-11-01 06:34:00;"Departed";"LFLL";"Embraer 195";9
"1355";"Austrian";"OS 301";2021-11-01 06:20:00;2021-11-01 06:38:00;"Departed";"EKCH";"Airbus A321";18
"1356";"Austrian";"OS 371";2021-11-01 06:15:00;2021-11-01 06:39:00;"Departed";"EHAM";"Airbus A320";24
"1357";"Austrian";"OS 111";2021-11-01 06:05:00;2021-11-01 06:11:00;"Departed";"EDDM";"Embraer 195";6
"1358";"Austrian";"OS 391";2021-11-01 06:00:00;2021-11-01 06:13:00;"Departed";"LEBL";"Airbus A320";13
"1359";"Austrian";"OS 829";2021-11-01 05:40:00;2021-11-01 05:57:00;"Departed";"ORER";"Embraer 195";17
"1360";"Austrian";"OS 679";2021-10-31 21:45:00;2021-10-31 22:16:00;"Departed";"UKDE";"Airbus A319";31
"1361";"Austrian";"OS 849";2021-10-31 21:40:00;2021-10-31 21:50:00;"Departed";"LATI";"Embraer 195";10
"1362";"Austrian";"OS 775";2021-10-31 21:40:00;2021-10-31 21:54:00;"Departed";"LWSK";"Airbus A320";14
"1363";"Austrian";"OS 641";2021-10-31 21:30:00;2021-10-31 21:49:00;"Departed";"UDYZ";"Airbus A320";19
"1364";"Austrian";"OS 767";2021-10-31 21:10:00;2021-10-31 21:55:00;"Departed";"LROP";"Airbus A319";45
"1365";"Austrian";"OS 737";2021-10-31 21:10:00;2021-10-31 21:46:00;"Departed";"LYBE";"Embraer 195";36
"1366";"Austrian";"OS 711";2021-10-31 21:05:00;2021-10-31 21:40:00;"Departed";"LKPR";"Embraer 195";35
"1367";"Austrian";"OS 759";2021-10-31 20:55:00;2021-10-31 21:07:00;"Departed";"LQSA";"Embraer 195";12
"1368";"Austrian";"OS 913";2021-10-31 20:55:00;2021-10-31 21:04:00;"Departed";"LOWI";"Embraer 195";9
"1369";"Austrian";"OS 667";2021-10-31 20:50:00;2021-10-31 21:03:00;"Departed";"UKBB";"Airbus A320";13
"1370";"Austrian";"OS 605";2021-10-31 20:30:00;2021-10-31 20:33:00;"Departed";"UUDD";"Embraer 195";3
"1371";"Austrian";"OS 317";2021-10-31 20:00:00;2021-10-31 20:15:00;"Departed";"ESSA";"Airbus A320";15
"1372";"Austrian";"OS 239";2021-10-31 19:55:00;2021-10-31 20:12:00;"Departed";"EDDB";"Airbus A320";17
"1373";"Austrian";"OS 167";2021-10-31 19:45:00;2021-10-31 20:00:00;"Departed";"EDDH";"Airbus A320";15
"1374";"Austrian";"OS 419";2021-10-31 19:25:00;2021-10-31 19:31:00;"Departed";"LFPG";"Airbus A320";6
"1375";"Austrian";"OS 377";2021-10-31 19:20:00;2021-10-31 19:32:00;"Departed";"EHAM";"Airbus A320";12
"1376";"Austrian";"OS 457";2021-10-31 19:15:00;2021-10-31 19:41:00;"Departed";"EGLL";"Airbus A320";26
"1377";"Austrian";"OS 859";2021-10-31 19:15:00;2021-10-31 19:38:00;"Departed";"LLBG";"Airbus A320";23
"1378";"Austrian";"OS 127";2021-10-31 19:10:00;2021-10-31 19:29:00;"Departed";"EDDF";"Airbus A320";19
"1379";"Austrian";"OS 631";2021-10-31 17:05:00;2021-10-31 17:14:00;"Departed";"EPWA";"Embraer 195";9
"1380";"Austrian";"OS 549";2021-10-31 16:55:00;2021-10-31 17:06:00;"Departed";"LIPE";"Embraer 195";11
"1381";"Austrian";"OS 473";2021-10-31 16:45:00;2021-10-31 16:58:00;"Departed";"LFSB";"Embraer 195";13
"1382";"Austrian";"OS 505";2021-10-31 16:45:00;2021-10-31 17:02:00;"Departed";"LIRF";"Airbus A320";17
"1383";"Austrian";"OS 187";2021-10-31 16:40:00;2021-10-31 16:49:00;"Departed";"EDDS";"Embraer 195";9
"1384";"Austrian";"OS 125";2021-10-31 16:35:00;2021-10-31 16:53:00;"Departed";"EDDF";"Airbus A320";18
"1385";"Austrian";"OS 195";2021-10-31 16:35:00;2021-10-31 16:52:00;"Departed";"EDDK";"Embraer 195";17
"1386";"Austrian";"OS 213";2021-10-31 16:35:00;2021-10-31 16:48:00;"Departed";"EDDN";"Embraer 195";13
"1387";"Austrian";"OS 575";2021-10-31 16:35:00;2021-10-31 17:12:00;"Departed";"LSGG";"Airbus A320";37
"1388";"Austrian";"OS 355";2021-10-31 16:30:00;2021-10-31 16:44:00;"Departed";"EBBR";"Airbus A320";14
"1389";"Austrian";"OS 171";2021-10-31 16:30:00;2021-10-31 17:03:00;"Departed";"EDDH";"Airbus A321";33
"1390";"Austrian";"OS 455";2021-10-31 16:30:00;2021-10-31 17:01:00;"Departed";"EGLL";"Airbus A321";31
"1391";"Austrian";"OS 235";2021-10-31 16:25:00;2021-10-31 16:47:00;"Departed";"EDDB";"Airbus A320";22
"1392";"Austrian";"OS 155";2021-10-31 16:25:00;2021-10-31 16:40:00;"Departed";"EDDL";"Airbus A319";15
"1393";"Austrian";"OS 393";2021-10-31 16:25:00;2021-10-31 16:43:00;"Departed";"LEBL";"Airbus A320";18
"1394";"Austrian";"OS 417";2021-10-31 16:20:00;2021-10-31 16:32:00;"Departed";"LFPG";"Airbus A320";12
"1395";"Austrian";"OS 131";2021-10-31 14:10:00;2021-10-31 14:13:00;"Departed";"EDDF";"Airbus A320";3
"1396";"Austrian";"OS 373";2021-10-31 14:00:00;2021-10-31 14:16:00;"Departed";"EHAM";"Airbus A319";16
"1397";"Austrian";"OS 303";2021-10-31 13:40:00;2021-10-31 13:50:00;"Departed";"EKCH";"Embraer 195";10
"1398";"Austrian";"OS 863";2021-10-31 12:45:00;2021-10-31 12:54:00;"Departed";"HECA";"Airbus A320-100/200";9
"1399";"Austrian";"OS 741";2021-10-31 12:30:00;2021-10-31 12:33:00;"Departed";"LZKZ";"Embraer 195";3
"1400";"Austrian";"OS 313";2021-10-31 12:25:00;2021-10-31 12:38:00;"Departed";"ESSA";"Airbus A320";13
"1401";"Austrian";"OS 853";2021-10-31 12:20:00;2021-10-31 12:33:00;"Departed";"OJAI";"Airbus A320";13
"1402";"Austrian";"OS 871";2021-10-31 12:15:00;2021-10-31 12:15:00;"Departed";"OIIE";"Airbus A320-100/200";0
"1403";"Austrian";"OS 757";2021-10-31 12:15:00;2021-10-31 12:17:00;"Departed";"LQSA";"Embraer EMB 195";2
"1404";"Austrian";"OS 773";2021-10-31 12:10:00;2021-10-31 12:14:00;"Departed";"LYBE";"Embraer EMB 195";4
"1405";"Austrian";"OS 415";2021-10-31 12:10:00;2021-10-31 12:41:00;"Departed";"LFPG";"Airbus A321";31
"1406";"Austrian";"OS 963";2021-10-31 12:05:00;2021-10-31 11:58:00;"Departed";"LOWG";"Airbus A319";-7
"1407";"Austrian";"OS 229";2021-10-31 12:05:00;2021-10-31 12:22:00;"Departed";"EDDB";"Airbus A320-100/200";17
"1408";"Austrian";"OS 569";2021-10-31 12:00:00;2021-10-31 12:06:00;"Departed";"LSZH";"Airbus A321-100/200";6
"1409";"Austrian";"OS 727";2021-10-31 11:55:00;2021-10-31 12:09:00;"Departed";"LYPG";"Airbus A320";14
"1410";"Austrian";"OS 905";2021-10-31 11:55:00;2021-10-31 12:13:00;"Departed";"LOWI";"Embraer EMB 195";18
"1411";"Austrian";"OS 797";2021-10-31 11:50:00;2021-10-31 12:03:00;"Departed";"LBSF";"Embraer 195";13
"1412";"Austrian";"OS 655";2021-10-31 11:45:00;2021-10-31 12:09:00;"Departed";"LUKK";"Embraer EMB 195";24
"1413";"Austrian";"OS 807";2021-10-31 11:45:00;2021-10-31 12:16:00;"Departed";"LGAV";"Airbus A320-100/200";31
"1414";"Austrian";"OS 153";2021-10-31 11:40:00;2021-10-31 11:41:00;"Departed";"EDDL";"Embraer 195";1
"1415";"Austrian";"OS 777";2021-10-31 11:35:00;2021-10-31 11:43:00;"Departed";"BKPR";"Embraer 195";8
"1416";"Austrian";"OS 831";2021-10-31 11:35:00;2021-10-31 12:11:00;"Departed";"LCLK";"Airbus A321";36
"1417";"Austrian";"OS 791";2021-10-31 11:35:00;2021-10-31 12:20:00;"Departed";"LROP";"Airbus A320-100/200";45
"1418";"Austrian";"OS 809";2021-10-31 11:35:00;2021-10-31 11:59:00;"Departed";"LGTS";"Airbus A320";24
"1419";"Austrian";"OS 619";2021-10-31 11:25:00;2021-10-31 11:34:00;"Departed";"UKOO";"Embraer 195";9
"1420";"Austrian";"OS 661";2021-10-31 11:05:00;2021-10-31 11:19:00;"Departed";"UKBB";"Airbus A320";14
"1421";"Austrian";"OS 801";2021-10-31 10:00:00;2021-10-31 10:16:00;"Departed";"LGAV";"Airbus A320";16
"1422";"Austrian";"OS 95";2021-10-31 09:40:00;2021-10-31 11:00:00;"Departed";"MMUN";"Boeing 777-200";80
"1423";"Austrian";"OS 93";2021-10-31 09:35:00;2021-10-31 09:45:00;"Departed";"KIAD";"Boeing 767-300 (winglets)";10
"1424";"Austrian";"OS 89";2021-10-31 09:25:00;2021-10-31 09:37:00;"Departed";"KEWR";"Boeing 767-300 (winglets)";12
"1425";"Austrian";"OS 463";2021-10-31 09:20:00;2021-10-31 09:30:00;"Departed";"EGCC";"Embraer 195";10
"1426";"Austrian";"OS 829";2021-10-31 09:20:00;2021-10-31 09:47:00;"Departed";"ORER";"Airbus A320";27
"1427";"Austrian";"OS 65";2021-10-31 09:15:00;2021-10-31 09:25:00;"Departed";"KORD";"Boeing 767-300 (winglets)";10
"1428";"Austrian";"OS 129";2021-10-31 09:10:00;2021-10-31 09:14:00;"Departed";"EDDF";"Airbus A319";4
"1429";"Austrian";"OS 601";2021-10-31 09:00:00;2021-10-31 09:09:00;"Departed";"UUDD";"Airbus A320";9
"1430";"Austrian";"OS 811";2021-10-31 08:45:00;2021-10-31 08:56:00;"Departed";"LGTS";"Airbus A320";11
"1431";"Austrian";"OS 385";2021-10-31 08:40:00;2021-10-31 08:41:00;"Departed";"LEMG";"Airbus A320";1
"1432";"Austrian";"OS 837";2021-10-31 08:40:00;2021-10-31 08:54:00;"Departed";"LCLK";"Airbus A321";14
"1433";"Austrian";"OS 335";2021-10-31 07:40:00;2021-10-31 07:50:00;"Departed";"ENGM";"Embraer 195";10
"1434";"Austrian";"OS 9507";2021-10-31 07:35:00;2021-10-31 07:56:00;"Departed";"LEPA";"Airbus A320";21
"1435";"Austrian";"OS 175";2021-10-31 06:35:00;2021-10-31 06:42:00;"Departed";"EDDH";"Embraer 195";7
"1436";"Austrian";"OS 561";2021-10-31 06:35:00;2021-10-31 06:44:00;"Departed";"LSZH";"Embraer 195";9
"1437";"Austrian";"OS 151";2021-10-31 06:35:00;2021-10-31 06:51:00;"Departed";"EDDL";"Embraer 195";16
"1438";"Austrian";"OS 301";2021-10-31 06:20:00;2021-10-31 06:32:00;"Departed";"EKCH";"Airbus A320";12
"1439";"Austrian";"OS 371";2021-10-31 06:15:00;2021-10-31 06:25:00;"Departed";"EHAM";"Embraer 195";10
"1440";"Austrian";"OS 121";2021-10-31 06:15:00;2021-10-31 07:22:00;"Departed";"EDDF";"Airbus A319";67
"1441";"Austrian";"OS 411";2021-10-31 06:10:00;2021-10-31 06:16:00;"Departed";"LFPG";"Airbus A320";6
"1442";"Austrian";"OS 111";2021-10-31 06:05:00;2021-10-31 06:13:00;"Departed";"EDDM";"Embraer 195";8
"1443";"Austrian";"OS 769";2021-10-30 20:45:00;2021-10-30 20:45:00;"Departed";"BKPR";"Embraer EMB 195";0
"1444";"Austrian";"OS 775";2021-10-30 20:40:00;2021-10-30 20:53:00;"Departed";"LWSK";"Embraer 195";13
"1445";"Austrian";"OS 849";2021-10-30 20:40:00;2021-10-30 20:50:00;"Departed";"LATI";"Embraer 195";10
"1446";"Austrian";"OS 737";2021-10-30 20:10:00;2021-10-30 20:23:00;"Departed";"LYBE";"Embraer 195";13
"1447";"Austrian";"OS 803";2021-10-30 20:05:00;2021-10-30 20:19:00;"Departed";"LGAV";"Airbus A320";14
"1448";"Austrian";"OS 767";2021-10-30 20:05:00;2021-10-30 20:13:00;"Departed";"LROP";"Airbus A319";8
"1449";"Austrian";"OS 799";2021-10-30 20:00:00;2021-10-30 20:07:00;"Departed";"LBSF";"Embraer 195";7
"1450";"Austrian";"OS 711";2021-10-30 19:05:00;2021-10-30 19:16:00;"Departed";"LKPR";"Embraer 195";11
"1451";"Austrian";"OS 317";2021-10-30 19:00:00;2021-10-30 19:13:00;"Departed";"ESSA";"Airbus A320";13
"1452";"Austrian";"OS 45";2021-10-30 18:50:00;2021-10-30 19:24:00;"Departed";"VRMM";"Boeing 777-200";34
"1453";"Austrian";"OS 239";2021-10-30 18:40:00;2021-10-30 18:57:00;"Departed";"EDDB";"Airbus A320";17
"1454";"Austrian";"OS 377";2021-10-30 18:35:00;2021-10-30 18:49:00;"Departed";"EHAM";"Airbus A320";14
"1455";"Austrian";"OS 17";2021-10-30 18:25:00;2021-10-30 18:54:00;"Departed";"FIMP";"Boeing 777-200";29
"1456";"Austrian";"OS 419";2021-10-30 18:25:00;2021-10-30 18:42:00;"Departed";"LFPG";"Airbus A320";17
"1457";"Austrian";"OS 457";2021-10-30 18:20:00;2021-10-30 18:58:00;"Departed";"EGLL";"Airbus A321";38
"1458";"Austrian";"OS 631";2021-10-30 16:05:00;2021-10-30 16:14:00;"Departed";"EPWA";"Embraer 195";9
"1459";"Austrian";"OS 497";2021-10-30 15:55:00;2021-10-30 16:05:00;"Departed";"LIML";"Airbus A320";10
"1460";"Austrian";"OS 295";2021-10-30 15:50:00;2021-10-30 15:55:00;"Departed";"EDDV";"Embraer 195";5
"1461";"Austrian";"OS 565";2021-10-30 15:50:00;2021-10-30 16:04:00;"Departed";"LSZH";"Embraer 195";14
"1462";"Austrian";"OS 235";2021-10-30 15:45:00;2021-10-30 16:09:00;"Departed";"EDDB";"Airbus A320";24
"1463";"Austrian";"OS 115";2021-10-30 15:45:00;2021-10-30 15:54:00;"Departed";"EDDM";"Embraer 195";9
"1464";"Austrian";"OS 305";2021-10-30 15:45:00;2021-10-30 16:01:00;"Departed";"EKCH";"Airbus A320";16
"1465";"Austrian";"OS 187";2021-10-30 15:40:00;2021-10-30 15:48:00;"Departed";"EDDS";"Embraer 195";8
"1466";"Austrian";"OS 315";2021-10-30 15:40:00;2021-10-30 15:51:00;"Departed";"ESSA";"Embraer 195";11
"1467";"Austrian";"OS 575";2021-10-30 15:40:00;2021-10-30 15:59:00;"Departed";"LSGG";"Embraer 195";19
"1468";"Austrian";"OS 125";2021-10-30 15:35:00;2021-10-30 15:45:00;"Departed";"EDDF";"Airbus A319";10
"1469";"Austrian";"OS 901";2021-10-30 15:35:00;2021-10-30 15:41:00;"Departed";"LOWI";"Embraer 195";6
"1470";"Austrian";"OS 355";2021-10-30 15:30:00;2021-10-30 15:42:00;"Departed";"EBBR";"Embraer 195";12
"1471";"Austrian";"OS 171";2021-10-30 15:30:00;2021-10-30 15:52:00;"Departed";"EDDH";"Embraer 195";22
"1472";"Austrian";"OS 455";2021-10-30 15:30:00;2021-10-30 15:50:00;"Departed";"EGLL";"Airbus A321";20
"1473";"Austrian";"OS 155";2021-10-30 15:25:00;2021-10-30 15:35:00;"Departed";"EDDL";"Embraer 195";10
"1474";"Austrian";"OS 393";2021-10-30 15:25:00;2021-10-30 15:43:00;"Departed";"LEBL";"Airbus A320";18
"1475";"Austrian";"OS 417";2021-10-30 15:25:00;2021-10-30 15:39:00;"Departed";"LFPG";"Airbus A320";14
"1476";"Austrian";"OS 9037";2021-10-30 15:25:00;2021-10-30 15:30:00;"Departed";"LGSR";"Embraer 195";5
"1477";"Austrian";"OS 9507";2021-10-30 14:50:00;2021-10-30 15:01:00;"Departed";"LEPA";"Airbus A320";11
"1478";"Austrian";"OS 9409";2021-10-30 13:10:00;2021-10-30 13:21:00;"Departed";"LICC";"Airbus A320";11
"1479";"Austrian";"OS 863";2021-10-30 11:45:00;2021-10-30 11:58:00;"Departed";"HECA";"Airbus A320";13
"1480";"Austrian";"OS 9505";2021-10-30 11:25:00;2021-10-30 11:43:00;"Departed";"GCTS";"Airbus A321";18
"1481";"Austrian";"OS 745";2021-10-30 11:20:00;2021-10-30 11:27:00;"Departed";"LDSP";"Airbus A319";7
"1482";"Austrian";"OS 853";2021-10-30 11:20:00;2021-10-30 11:41:00;"Departed";"OJAI";"Airbus A320";21
"1483";"Austrian";"OS 757";2021-10-30 11:15:00;2021-10-30 11:29:00;"Departed";"LQSA";"Embraer 195";14
"1484";"Austrian";"OS 939";2021-10-30 11:15:00;2021-10-30 11:22:00;"Departed";"LOWK";"Embraer 195";7
"1485";"Austrian";"OS 381";2021-10-30 11:10:00;2021-10-30 11:19:00;"Departed";"UKLL";"Embraer 195";9
"1486";"Austrian";"OS 773";2021-10-30 11:10:00;2021-10-30 11:18:00;"Departed";"LYBE";"Embraer 195";8
"1487";"Austrian";"OS 963";2021-10-30 11:05:00;2021-10-30 11:12:00;"Departed";"LOWG";"Embraer 195";7
"1488";"Austrian";"OS 523";2021-10-30 11:05:00;2021-10-30 11:15:00;"Departed";"LIPZ";"Embraer 195";10
"1489";"Austrian";"OS 569";2021-10-30 11:05:00;2021-10-30 11:32:00;"Departed";"LSZH";"Airbus A320";27
"1490";"Austrian";"OS 415";2021-10-30 11:05:00;2021-10-30 11:35:00;"Departed";"LFPG";"Airbus A320";30
"1491";"Austrian";"OS 531";2021-10-30 11:00:00;2021-10-30 11:09:00;"Departed";"LIRQ";"Embraer 195";9
"1492";"Austrian";"OS 461";2021-10-30 11:00:00;2021-10-30 11:25:00;"Departed";"EGLL";"Airbus A320";25
"1493";"Austrian";"OS 731";2021-10-30 10:55:00;2021-10-30 10:50:00;"Departed";"LDDU";"Airbus A320";-5
"1494";"Austrian";"OS 727";2021-10-30 10:55:00;2021-10-30 10:57:00;"Departed";"LYPG";"Airbus A320";2
"1495";"Austrian";"OS 871";2021-10-30 10:55:00;2021-10-30 11:21:00;"Departed";"OIIE";"Airbus A319";26
"1496";"Austrian";"OS 797";2021-10-30 10:50:00;2021-10-30 10:56:00;"Departed";"LBSF";"Embraer 195";6
"1497";"Austrian";"OS 655";2021-10-30 10:50:00;2021-10-30 11:11:00;"Departed";"LUKK";"Embraer 195";21
"1498";"Austrian";"OS 847";2021-10-30 10:45:00;2021-10-30 10:59:00;"Departed";"LATI";"Airbus A320";14
"1499";"Austrian";"OS 173";2021-10-30 10:40:00;2021-10-30 11:02:00;"Departed";"EDDH";"Airbus A320";22
"1500";"Austrian";"OS 809";2021-10-30 10:35:00;2021-10-30 10:41:00;"Departed";"LGTS";"Airbus A320";6
"1501";"Austrian";"OS 425";2021-10-30 10:35:00;2021-10-30 10:42:00;"Departed";"LFMN";"Airbus A320";7
"1502";"Austrian";"OS 777";2021-10-30 10:35:00;2021-10-30 10:48:00;"Departed";"BKPR";"Embraer 195";13
"1503";"Austrian";"OS 831";2021-10-30 10:35:00;2021-10-30 11:06:00;"Departed";"LCLK";"Boeing 777-200";31
"1504";"Austrian";"OS 791";2021-10-30 10:30:00;2021-10-30 11:08:00;"Departed";"LROP";"Airbus A320";38
"1505";"Austrian";"OS 763";2021-10-30 10:25:00;2021-10-30 10:39:00;"Departed";"LBWN";"Airbus A320";14
"1506";"Austrian";"OS 619";2021-10-30 10:25:00;2021-10-30 10:46:00;"Departed";"UKOO";"Embraer 195";21
"1507";"Austrian";"OS 661";2021-10-30 10:05:00;2021-10-30 10:14:00;"Departed";"UKBB";"Embraer 195";9
"1508";"Austrian";"OS 9137";2021-10-30 10:00:00;2021-10-30 10:02:00;"Departed";"LGSA";"Airbus A320";2
"1509";"Austrian";"OS 801";2021-10-30 09:10:00;2021-10-30 09:16:00;"Departed";"LGAV";"Airbus A321";6
"1510";"Austrian";"OS 2339";2021-10-30 09:05:00;2021-10-30 09:20:00;"Departed";"HEGN";"Airbus A321";15
"1511";"Austrian";"OS 65";2021-10-30 08:45:00;2021-10-30 09:01:00;"Departed";"KORD";"Boeing 767-300 (winglets)";16
"1512";"Austrian";"OS 87";2021-10-30 08:40:00;2021-10-30 08:56:00;"Departed";"KJFK";"Boeing 767-300 (winglets)";16
"1513";"Austrian";"OS 93";2021-10-30 08:35:00;2021-10-30 08:50:00;"Departed";"KIAD";"Boeing 767-300 (winglets)";15
"1514";"Austrian";"OS 857";2021-10-30 08:25:00;2021-10-30 08:35:00;"Departed";"LLBG";"Airbus A319";10
"1515";"Austrian";"OS 335";2021-10-30 08:20:00;2021-10-30 08:22:00;"Departed";"ENGM";"Embraer 195";2
"1516";"Austrian";"OS 89";2021-10-30 08:15:00;2021-10-30 10:00:00;"Departed";"KEWR";"Boeing 767-300 (winglets)";105
"1517";"Austrian";"OS 129";2021-10-30 08:10:00;2021-10-30 08:17:00;"Departed";"EDDF";"Airbus A320";7
"1518";"Austrian";"OS 601";2021-10-30 08:00:00;2021-10-30 08:19:00;"Departed";"UUDD";"Airbus A320";19
"1519";"Austrian";"OS 385";2021-10-30 07:40:00;2021-10-30 07:54:00;"Departed";"LEMG";"Airbus A320";14
"1520";"Austrian";"OS 837";2021-10-30 07:40:00;2021-10-30 08:00:00;"Departed";"LCLK";"Airbus A320";20
"1521";"Austrian";"OS 903";2021-10-30 07:35:00;2021-10-30 07:44:00;"Departed";"LOWI";"Embraer 195";9
"1522";"Austrian";"OS 739";2021-10-30 07:30:00;2021-10-30 07:40:00;"Departed";"LYBE";"Embraer 195";10
"1523";"Austrian";"OS 9001";2021-10-30 07:20:00;2021-10-30 07:37:00;"Departed";"LGIR";"Airbus A321";17
"1524";"Austrian";"OS 705";2021-10-30 07:20:00;2021-10-30 07:39:00;"Departed";"LKPR";"Embraer 195";19
"1525";"Austrian";"OS 491";2021-10-30 06:05:00;2021-10-30 05:58:00;"Departed";"LIML";"Embraer 195";-7
"1526";"Austrian";"OS 471";2021-10-30 05:55:00;2021-10-30 05:57:00;"Departed";"LFSB";"Embraer 195";2
"1527";"Austrian";"OS 177";2021-10-30 05:50:00;2021-10-30 05:56:00;"Departed";"EDDS";"Airbus A319";6
"1528";"Austrian";"OS 223";2021-10-30 05:45:00;2021-10-30 05:55:00;"Departed";"EDDB";"Embraer 195";10
"1529";"Austrian";"OS 291";2021-10-30 05:45:00;2021-10-30 06:00:00;"Departed";"EDDV";"Embraer 195";15
"1530";"Austrian";"OS 561";2021-10-30 05:40:00;2021-10-30 05:44:00;"Departed";"LSZH";"Airbus A320";4
"1531";"Austrian";"OS 351";2021-10-30 05:40:00;2021-10-30 05:50:00;"Departed";"EBBR";"Airbus A321";10
"1532";"Austrian";"OS 571";2021-10-30 05:35:00;2021-10-30 05:36:00;"Departed";"LSGG";"Embraer 195";1
"1533";"Austrian";"OS 151";2021-10-30 05:35:00;2021-10-30 05:38:00;"Departed";"EDDL";"Airbus A320";3
"1534";"Austrian";"OS 175";2021-10-30 05:35:00;2021-10-30 05:47:00;"Departed";"EDDH";"Airbus A320";12
"1535";"Austrian";"OS 9503";2021-10-30 05:30:00;2021-10-30 05:39:00;"Departed";"GCLP";"Boeing 777-200";9
"1536";"Austrian";"OS 301";2021-10-30 05:20:00;2021-10-30 05:32:00;"Departed";"EKCH";"Embraer 195";12
"1537";"Austrian";"OS 121";2021-10-30 05:15:00;2021-10-30 05:29:00;"Departed";"EDDF";"Airbus A320";14
"1538";"Austrian";"OS 501";2021-10-30 05:10:00;2021-10-30 05:23:00;"Departed";"LIRF";"Airbus A320";13
"1539";"Austrian";"OS 371";2021-10-30 05:10:00;2021-10-30 05:25:00;"Departed";"EHAM";"Embraer 195";15
"1540";"Austrian";"OS 111";2021-10-30 05:05:00;2021-10-30 05:17:00;"Departed";"EDDM";"Airbus A320";12
"1541";"Austrian";"OS 411";2021-10-30 05:00:00;2021-10-30 05:11:00;"Departed";"LFPG";"Airbus A320";11
"1542";"Austrian";"OS 391";2021-10-30 05:00:00;2021-10-30 05:13:00;"Departed";"LEBL";"Airbus A320";13
"1543";"Austrian";"OS 311";2021-10-30 04:35:00;2021-10-30 04:43:00;"Departed";"ESSA";"Airbus A320";8
"1544";"Austrian";"OS 75";2021-10-29 21:30:00;2021-10-29 22:05:00;"Departed";"ZSPD";"Boeing 777-200";35
"1545";"Austrian";"OS 769";2021-10-29 20:45:00;2021-10-29 21:04:00;"Departed";"BKPR";"Embraer 195";19
"1546";"Austrian";"OS 849";2021-10-29 20:40:00;2021-10-29 20:55:00;"Departed";"LATI";"Airbus A320-100/200";15
"1547";"Austrian";"OS 775";2021-10-29 20:40:00;2021-10-29 20:52:00;"Departed";"LWSK";"Embraer EMB 195";12
"1548";"Austrian";"OS 641";2021-10-29 20:35:00;2021-10-29 20:57:00;"Departed";"UDYZ";"Airbus A320";22
"1549";"Austrian";"OS 45";2021-10-29 20:20:00;2021-10-29 20:44:00;"Departed";"VRMM";"Boeing 777-200";24
"1550";"Austrian";"OS 729";2021-10-29 20:10:00;2021-10-29 20:16:00;"Departed";"LYPG";"Embraer EMB 195";6
"1551";"Austrian";"OS 767";2021-10-29 20:05:00;2021-10-29 20:36:00;"Departed";"LROP";"Airbus A320-100/200";31
"1552";"Austrian";"OS 803";2021-10-29 20:05:00;2021-10-29 20:14:00;"Departed";"LGAV";"Airbus A320-100/200";9
"1553";"Austrian";"OS 799";2021-10-29 20:00:00;2021-10-29 20:18:00;"Departed";"LBSF";"Embraer EMB 195";18
"1554";"Austrian";"OS 913";2021-10-29 19:55:00;2021-10-29 20:13:00;"Departed";"LOWI";"Embraer EMB 195";18
"1555";"Austrian";"OS 759";2021-10-29 19:55:00;2021-10-29 20:16:00;"Departed";"LQSA";"Embraer EMB 195";21
"1556";"Austrian";"OS 667";2021-10-29 19:50:00;2021-10-29 20:08:00;"Departed";"UKBB";"Airbus A319";18
"1557";"Austrian";"OS 711";2021-10-29 19:05:00;2021-10-29 19:17:00;"Departed";"LKPR";"Embraer 195";12
"1558";"Austrian";"OS 317";2021-10-29 19:00:00;2021-10-29 19:10:00;"Departed";"ESSA";"Airbus A321";10
"1559";"Austrian";"OS 167";2021-10-29 18:45:00;2021-10-29 18:56:00;"Departed";"EDDH";"Embraer 195";11
"1560";"Austrian";"OS 239";2021-10-29 18:40:00;2021-10-29 18:53:00;"Departed";"EDDB";"Airbus A320";13
"1561";"Austrian";"OS 499";2021-10-29 18:30:00;2021-10-29 18:37:00;"Departed";"LIML";"Airbus A320";7
"1562";"Austrian";"OS 419";2021-10-29 18:25:00;2021-10-29 18:43:00;"Departed";"LFPG";"Airbus A321";18
"1563";"Austrian";"OS 377";2021-10-29 18:20:00;2021-10-29 18:49:00;"Departed";"EHAM";"Airbus A320";29
"1564";"Austrian";"OS 457";2021-10-29 18:20:00;2021-10-29 18:36:00;"Departed";"EGLL";"Airbus A320-100/200";16
"1565";"Austrian";"OS 8173";2021-10-29 16:10:00;2021-10-29 16:17:00;"Departed";"EBBR";"Airbus A320";7
"1566";"Austrian";"OS 631";2021-10-29 16:05:00;2021-10-29 16:14:00;"Departed";"EPWA";"Embraer 195";9
"1567";"Austrian";"OS 497";2021-10-29 15:55:00;2021-10-29 16:08:00;"Departed";"LIML";"Embraer 195";13
"1568";"Austrian";"OS 295";2021-10-29 15:50:00;2021-10-29 15:58:00;"Departed";"EDDV";"Embraer 195";8
"1569";"Austrian";"OS 549";2021-10-29 15:50:00;2021-10-29 15:59:00;"Departed";"LIPE";"Embraer 195";9
"1570";"Austrian";"OS 565";2021-10-29 15:50:00;2021-10-29 16:06:00;"Departed";"LSZH";"Airbus A320";16
"1571";"Austrian";"OS 505";2021-10-29 15:45:00;2021-10-29 15:56:00;"Departed";"LIRF";"Airbus A320";11
"1572";"Austrian";"OS 235";2021-10-29 15:45:00;2021-10-29 16:03:00;"Departed";"EDDB";"Airbus A320";18
"1573";"Austrian";"OS 305";2021-10-29 15:45:00;2021-10-29 16:04:00;"Departed";"EKCH";"Airbus A320";19
"1574";"Austrian";"OS 473";2021-10-29 15:40:00;2021-10-29 15:49:00;"Departed";"LFSB";"Embraer 195";9
"1575";"Austrian";"OS 315";2021-10-29 15:40:00;2021-10-29 15:55:00;"Departed";"ESSA";"Airbus A320";15
"1576";"Austrian";"OS 187";2021-10-29 15:40:00;2021-10-29 15:57:00;"Departed";"EDDS";"Embraer 195";17
"1577";"Austrian";"OS 195";2021-10-29 15:35:00;2021-10-29 15:42:00;"Departed";"EDDK";"Embraer 195";7
"1578";"Austrian";"OS 213";2021-10-29 15:35:00;2021-10-29 15:48:00;"Departed";"EDDN";"Embraer 195";13
"1579";"Austrian";"OS 125";2021-10-29 15:35:00;2021-10-29 16:00:00;"Departed";"EDDF";"Airbus A320";25
"1580";"Austrian";"OS 455";2021-10-29 15:30:00;2021-10-29 15:44:00;"Departed";"EGLL";"Airbus A320";14
"1581";"Austrian";"OS 529";2021-10-29 15:30:00;2021-10-29 15:41:00;"Departed";"LIPZ";"Embraer 195";11
"1582";"Austrian";"OS 171";2021-10-29 15:30:00;2021-10-29 15:50:00;"Departed";"EDDH";"Airbus A320";20
"1583";"Austrian";"OS 155";2021-10-29 15:25:00;2021-10-29 15:35:00;"Departed";"EDDL";"Airbus A320-100/200";10
"1584";"Austrian";"OS 417";2021-10-29 15:25:00;2021-10-29 15:45:00;"Departed";"LFPG";"Airbus A320";20
"1585";"Austrian";"OS 393";2021-10-29 15:25:00;2021-10-29 15:51:00;"Departed";"LEBL";"Airbus A320";26
"1586";"Austrian";"OS 977";2021-10-29 15:15:00;2021-10-29 15:30:00;"Departed";"LOWG";"Embraer 195";15
"1587";"Austrian";"OS 9507";2021-10-29 15:10:00;2021-10-29 15:18:00;"Departed";"LEPA";"Embraer 195";8
"1588";"Austrian";"OS 131";2021-10-29 13:10:00;2021-10-29 13:32:00;"Departed";"EDDF";"Airbus A320";22
"1589";"Austrian";"OS 563";2021-10-29 13:10:00;2021-10-29 13:48:00;"Departed";"LSZH";"Airbus A320";38
"1590";"Austrian";"OS 863";2021-10-29 11:45:00;2021-10-29 11:58:00;"Departed";"HECA";"Airbus A320";13
"1591";"Austrian";"OS 683";2021-10-29 11:35:00;2021-10-29 12:13:00;"Departed";"LDZA";"Airbus A320";38
"1592";"Austrian";"OS 741";2021-10-29 11:30:00;2021-10-29 11:39:00;"Departed";"LZKZ";"Embraer 195";9
"1593";"Austrian";"OS 853";2021-10-29 11:20:00;2021-10-29 11:35:00;"Departed";"OJAI";"Airbus A320";15
"1594";"Austrian";"OS 939";2021-10-29 11:15:00;2021-10-29 11:20:00;"Departed";"LOWK";"Embraer 195";5
"1595";"Austrian";"OS 757";2021-10-29 11:15:00;2021-10-29 11:31:00;"Departed";"LQSA";"Embraer 195";16
"1596";"Austrian";"OS 773";2021-10-29 11:10:00;2021-10-29 11:16:00;"Departed";"LYBE";"Embraer 195";6
"1597";"Austrian";"OS 381";2021-10-29 11:10:00;2021-10-29 11:14:00;"Departed";"UKLL";"Embraer 195";4
"1598";"Austrian";"OS 229";2021-10-29 11:05:00;2021-10-29 11:52:00;"Departed";"EDDB";"Airbus A321";47
"1599";"Austrian";"OS 415";2021-10-29 11:05:00;2021-10-29 11:49:00;"Departed";"LFPG";"Airbus A320";44
"1600";"Austrian";"OS 531";2021-10-29 11:05:00;2021-10-29 11:13:00;"Departed";"LIRQ";"Embraer 195";8
"1601";"Austrian";"OS 963";2021-10-29 11:05:00;2021-10-29 11:11:00;"Departed";"LOWG";"Embraer 195";6
"1602";"Austrian";"OS 569";2021-10-29 11:05:00;2021-10-29 12:08:00;"Departed";"LSZH";"Airbus A320";63
"1603";"Austrian";"OS 727";2021-10-29 10:55:00;2021-10-29 11:06:00;"Departed";"LYPG";"Airbus A320";11
"1604";"Austrian";"OS 797";2021-10-29 10:50:00;2021-10-29 13:45:00;"Departed";"LBSF";"Embraer 195";175
"1605";"Austrian";"OS 847";2021-10-29 10:45:00;2021-10-29 10:59:00;"Departed";"LATI";"Airbus A320";14
"1606";"Austrian";"OS 173";2021-10-29 10:40:00;2021-10-29 10:47:00;"Departed";"EDDH";"Airbus A320";7
"1607";"Austrian";"OS 153";2021-10-29 10:40:00;2021-10-29 10:55:00;"Departed";"EDDL";"Airbus A320";15
"1608";"Austrian";"OS 777";2021-10-29 10:35:00;2021-10-29 10:49:00;"Departed";"BKPR";"Embraer 195";14
"1609";"Austrian";"OS 831";2021-10-29 10:35:00;2021-10-29 11:03:00;"Departed";"LCLK";"Airbus A321";28
"1610";"Austrian";"OS 425";2021-10-29 10:35:00;2021-10-29 10:44:00;"Departed";"LFMN";"Airbus A320";9
"1611";"Austrian";"OS 809";2021-10-29 10:35:00;2021-10-29 10:40:00;"Departed";"LGTS";"Airbus A320";5
"1612";"Austrian";"OS 791";2021-10-29 10:30:00;2021-10-29 10:52:00;"Departed";"LROP";"Airbus A320";22
"1613";"Austrian";"OS 763";2021-10-29 10:25:00;2021-10-29 10:41:00;"Departed";"LBWN";"Airbus A319";16
"1614";"Austrian";"OS 619";2021-10-29 10:25:00;2021-10-29 10:38:00;"Departed";"UKOO";"Embraer 195";13
"1615";"Austrian";"OS 661";2021-10-29 10:05:00;2021-10-29 10:21:00;"Departed";"UKBB";"Airbus A320-100/200";16
"1616";"Austrian";"OS 801";2021-10-29 09:10:00;2021-10-29 09:13:00;"Departed";"LGAV";"Airbus A320-100/200";3
"1617";"Austrian";"OS 227";2021-10-29 09:10:00;2021-10-29 09:37:00;"Departed";"EDDB";"Airbus A320";27
"1618";"Austrian";"OS 65";2021-10-29 08:45:00;2021-10-29 08:59:00;"Departed";"KORD";"Boeing 767-300 (winglets)";14
"1619";"Austrian";"OS 93";2021-10-29 08:35:00;2021-10-29 08:41:00;"Departed";"KIAD";"Boeing 767-300 (winglets)";6
"1620";"Austrian";"OS 73";2021-10-29 08:30:00;2021-10-29 09:08:00;"Departed";"CYUL";"Boeing 767-300 (winglets)";38
"1621";"Austrian";"OS 463";2021-10-29 08:20:00;2021-10-29 08:35:00;"Departed";"EGCC";"Embraer 195";15
"1622";"Austrian";"OS 89";2021-10-29 08:15:00;2021-10-29 08:43:00;"Departed";"KEWR";"Boeing 767-300 (winglets)";28
"1623";"Austrian";"OS 129";2021-10-29 08:10:00;2021-10-29 08:18:00;"Departed";"EDDF";"Airbus A320";8
"1624";"Austrian";"OS 601";2021-10-29 08:00:00;2021-10-29 08:07:00;"Departed";"UUDD";"Airbus A320";7
"1625";"Austrian";"OS 385";2021-10-29 07:40:00;2021-10-29 07:48:00;"Departed";"LEMG";"Airbus A320";8
"1626";"Austrian";"OS 739";2021-10-29 07:40:00;2021-10-29 08:11:00;"Departed";"LYBE";"Embraer 195";31
"1627";"Austrian";"OS 903";2021-10-29 07:35:00;2021-10-29 07:56:00;"Departed";"LOWI";"Embraer 195";21
"1628";"Austrian";"OS 705";2021-10-29 07:20:00;2021-10-29 07:29:00;"Departed";"LKPR";"Embraer 195";9
"1629";"Austrian";"OS 225";2021-10-29 07:05:00;2021-10-29 07:18:00;"Departed";"EDDB";"Airbus A320";13
"1630";"Austrian";"OS 547";2021-10-29 07:00:00;2021-10-29 07:09:00;"Departed";"LIPE";"Embraer 195";9
"1631";"Austrian";"OS 521";2021-10-29 07:00:00;2021-10-29 07:22:00;"Departed";"LIPZ";"Embraer 195";22
"1632";"Austrian";"OS 625";2021-10-29 06:20:00;2021-10-29 06:23:00;"Departed";"EPWA";"Embraer 195";3
"1633";"Austrian";"OS 491";2021-10-29 06:05:00;2021-10-29 06:17:00;"Departed";"LIML";"Embraer 195";12
"1634";"Austrian";"OS 471";2021-10-29 05:55:00;2021-10-29 05:57:00;"Departed";"LFSB";"Embraer 195";2
"1635";"Austrian";"OS 177";2021-10-29 05:50:00;2021-10-29 05:59:00;"Departed";"EDDS";"Embraer 195";9
"1636";"Austrian";"OS 223";2021-10-29 05:45:00;2021-10-29 05:56:00;"Departed";"EDDB";"Embraer 195";11
"1637";"Austrian";"OS 291";2021-10-29 05:45:00;2021-10-29 05:58:00;"Departed";"EDDV";"Embraer 195";13
"1638";"Austrian";"OS 351";2021-10-29 05:40:00;2021-10-29 05:44:00;"Departed";"EBBR";"Airbus A321";4
"1639";"Austrian";"OS 561";2021-10-29 05:40:00;2021-10-29 05:48:00;"Departed";"LSZH";"Airbus A320";8
"1640";"Austrian";"OS 151";2021-10-29 05:35:00;2021-10-29 05:38:00;"Departed";"EDDL";"Airbus A320";3
"1641";"Austrian";"OS 571";2021-10-29 05:35:00;2021-10-29 05:47:00;"Departed";"LSGG";"Embraer 195";12
"1642";"Austrian";"OS 403";2021-10-29 05:25:00;2021-10-29 05:43:00;"Departed";"LFLL";"Airbus A319";18
"1643";"Austrian";"OS 301";2021-10-29 05:20:00;2021-10-29 05:50:00;"Departed";"EKCH";"Airbus A320";30
"1644";"Austrian";"OS 121";2021-10-29 05:15:00;2021-10-29 05:36:00;"Departed";"EDDF";"Airbus A320";21
"1645";"Austrian";"OS 501";2021-10-29 05:10:00;2021-10-29 05:22:00;"Departed";"LIRF";"Airbus A320";12
"1646";"Austrian";"OS 371";2021-10-29 05:10:00;2021-10-29 05:24:00;"Departed";"EHAM";"Airbus A320";14
"1647";"Austrian";"OS 111";2021-10-29 05:05:00;2021-10-29 05:12:00;"Departed";"EDDM";"Airbus A320";7
"1648";"Austrian";"OS 391";2021-10-29 05:00:00;2021-10-29 05:10:00;"Departed";"LEBL";"Airbus A320";10
"1649";"Austrian";"OS 411";2021-10-29 05:00:00;2021-10-29 05:20:00;"Departed";"LFPG";"Airbus A320";20
"1650";"Austrian";"OS 451";2021-10-29 04:50:00;2021-10-29 05:07:00;"Departed";"EGLL";"Airbus A320";17
"1651";"Austrian";"OS 311";2021-10-29 04:35:00;2021-10-29 04:43:00;"Departed";"ESSA";"Airbus A321";8
"1652";"Austrian";"OS 679";2021-10-28 20:50:00;2021-10-28 21:07:00;"Departed";"UKDE";"Airbus A319";17
"1653";"Austrian";"OS 769";2021-10-28 20:45:00;2021-10-28 20:51:00;"Departed";"BKPR";"Embraer 195";6
"1654";"Austrian";"OS 975";2021-10-28 20:45:00;2021-10-28 20:59:00;"Departed";"LOWG";"Embraer 195";14
"1655";"Austrian";"OS 775";2021-10-28 20:40:00;2021-10-28 20:46:00;"Departed";"LWSK";"Airbus A320";6
"1656";"Austrian";"OS 849";2021-10-28 20:40:00;2021-10-28 21:04:00;"Departed";"LATI";"Airbus A320";24
"1657";"Austrian";"OS 641";2021-10-28 20:35:00;2021-10-28 21:03:00;"Departed";"UDYZ";"Airbus A320";28
"1658";"Austrian";"OS 737";2021-10-28 20:10:00;2021-10-28 20:25:00;"Departed";"LYBE";"Embraer EMB 195";15
"1659";"Austrian";"OS 767";2021-10-28 20:05:00;2021-10-28 20:17:00;"Departed";"LROP";"Airbus A320-100/200";12
"1660";"Austrian";"OS 799";2021-10-28 20:00:00;2021-10-28 20:15:00;"Departed";"LBSF";"Embraer EMB 195";15
"1661";"Austrian";"OS 913";2021-10-28 19:55:00;2021-10-28 20:11:00;"Departed";"LOWI";"Embraer EMB 195";16
"1662";"Austrian";"OS 759";2021-10-28 19:55:00;2021-10-28 20:10:00;"Departed";"LQSA";"Embraer EMB 195";15
"1663";"Austrian";"OS 605";2021-10-28 19:30:00;2021-10-28 19:50:00;"Departed";"UUDD";"Embraer 195";20
"1664";"Austrian";"OS 711";2021-10-28 19:05:00;2021-10-28 19:19:00;"Departed";"LKPR";"Embraer 195";14
"1665";"Austrian";"OS 317";2021-10-28 19:00:00;2021-10-28 19:07:00;"Departed";"ESSA";"Airbus A321";7
"1666";"Austrian";"OS 167";2021-10-28 18:45:00;2021-10-28 19:14:00;"Departed";"EDDH";"Airbus A320";29
"1667";"Austrian";"OS 499";2021-10-28 18:30:00;2021-10-28 18:39:00;"Departed";"LIML";"Airbus A320";9
"1668";"Austrian";"OS 17";2021-10-28 18:25:00;2021-10-28 18:59:00;"Departed";"FIMP";"Boeing 777-200";34
"1669";"Austrian";"OS 419";2021-10-28 18:25:00;2021-10-28 18:41:00;"Departed";"LFPG";"Airbus A320";16
"1670";"Austrian";"OS 457";2021-10-28 18:20:00;2021-10-28 18:38:00;"Departed";"EGLL";"Airbus A320";18
"1671";"Austrian";"OS 377";2021-10-28 18:20:00;2021-10-28 18:32:00;"Departed";"EHAM";"Embraer 195";12
"1672";"Austrian";"OS 179";2021-10-28 18:15:00;2021-10-28 18:14:00;"Departed";"EDDS";"Airbus A319";-1
"1673";"Austrian";"OS 127";2021-10-28 18:10:00;2021-10-28 18:16:00;"Departed";"EDDF";"Airbus A320";6
"1674";"Austrian";"OS 237";2021-10-28 17:05:00;2021-10-28 17:09:00;"Departed";"EDDB";"Airbus A321";4
"1675";"Austrian";"OS 497";2021-10-28 15:55:00;2021-10-28 16:08:00;"Departed";"LIML";"Embraer 195";13
"1676";"Austrian";"OS 565";2021-10-28 15:50:00;2021-10-28 16:03:00;"Departed";"LSZH";"Airbus A320";13
"1677";"Austrian";"OS 295";2021-10-28 15:50:00;2021-10-28 16:04:00;"Departed";"EDDV";"Embraer 195";14
"1678";"Austrian";"OS 549";2021-10-28 15:50:00;2021-10-28 16:01:00;"Departed";"LIPE";"Embraer 195";11
"1679";"Austrian";"OS 235";2021-10-28 15:45:00;2021-10-28 15:51:00;"Departed";"EDDB";"Airbus A319";6
"1680";"Austrian";"OS 115";2021-10-28 15:45:00;2021-10-28 15:57:00;"Departed";"EDDM";"Embraer 195";12
"1681";"Austrian";"OS 505";2021-10-28 15:45:00;2021-10-28 15:59:00;"Departed";"LIRF";"Airbus A320";14
"1682";"Austrian";"OS 305";2021-10-28 15:45:00;2021-10-28 16:00:00;"Departed";"EKCH";"Airbus A320";15
"1683";"Austrian";"OS 315";2021-10-28 15:40:00;2021-10-28 15:55:00;"Departed";"ESSA";"Airbus A320";15
"1684";"Austrian";"OS 473";2021-10-28 15:40:00;2021-10-28 15:52:00;"Departed";"LFSB";"Embraer 195";12
"1685";"Austrian";"OS 575";2021-10-28 15:40:00;2021-10-28 15:54:00;"Departed";"LSGG";"Embraer 195";14
"1686";"Austrian";"OS 195";2021-10-28 15:35:00;2021-10-28 15:56:00;"Departed";"EDDK";"Embraer 195";21
"1687";"Austrian";"OS 455";2021-10-28 15:30:00;2021-10-28 15:43:00;"Departed";"EGLL";"Airbus A320";13
"1688";"Austrian";"OS 355";2021-10-28 15:30:00;2021-10-28 15:46:00;"Departed";"EBBR";"Embraer 195";16
"1689";"Austrian";"OS 171";2021-10-28 15:30:00;2021-10-28 15:53:00;"Departed";"EDDH";"Airbus A320";23
"1690";"Austrian";"OS 417";2021-10-28 15:25:00;2021-10-28 15:34:00;"Departed";"LFPG";"Airbus A321";9
"1691";"Austrian";"OS 155";2021-10-28 15:25:00;2021-10-28 15:39:00;"Departed";"EDDL";"Airbus A320";14
"1692";"Austrian";"OS 375";2021-10-28 15:20:00;2021-10-28 15:33:00;"Departed";"EHAM";"Airbus A320";13
"1693";"Austrian";"OS 25";2021-10-28 14:45:00;2021-10-28 15:08:00;"Departed";"VTBS";"Boeing 777-200";23
"1694";"Austrian";"OS 131";2021-10-28 13:10:00;2021-10-28 13:13:00;"Departed";"EDDF";"Airbus A320";3
"1695";"Austrian";"OS 863";2021-10-28 11:45:00;2021-10-28 11:53:00;"Departed";"HECA";"Airbus A320";8
"1696";"Austrian";"OS 741";2021-10-28 11:30:00;2021-10-28 11:34:00;"Departed";"LZKZ";"Embraer 195";4
"1697";"Austrian";"OS 853";2021-10-28 11:20:00;2021-10-28 11:58:00;"Departed";"OJAI";"Airbus A321";38
"1698";"Austrian";"OS 939";2021-10-28 11:15:00;2021-10-28 11:14:00;"Departed";"LOWK";"Embraer 195";-1
"1699";"Austrian";"OS 757";2021-10-28 11:15:00;2021-10-28 11:31:00;"Departed";"LQSA";"Embraer 195";16
"1700";"Austrian";"OS 381";2021-10-28 11:10:00;2021-10-28 11:21:00;"Departed";"UKLL";"Embraer 195";11
"1701";"Austrian";"OS 773";2021-10-28 11:10:00;2021-10-28 11:22:00;"Departed";"LYBE";"Embraer 195";12
"1702";"Austrian";"OS 963";2021-10-28 11:05:00;2021-10-28 11:10:00;"Departed";"LOWG";"Embraer 195";5
"1703";"Austrian";"OS 569";2021-10-28 11:05:00;2021-10-28 11:15:00;"Departed";"LSZH";"Airbus A320";10
"1704";"Austrian";"OS 415";2021-10-28 11:05:00;2021-10-28 11:18:00;"Departed";"LFPG";"Airbus A321";13
"1705";"Austrian";"OS 523";2021-10-28 11:05:00;2021-10-28 11:20:00;"Departed";"LIPZ";"Embraer 195";15
"1706";"Austrian";"OS 229";2021-10-28 11:05:00;2021-10-28 11:24:00;"Departed";"EDDB";"Airbus A320";19
"1707";"Austrian";"OS 727";2021-10-28 10:55:00;2021-10-28 11:02:00;"Departed";"LYPG";"Airbus A319";7
"1708";"Austrian";"OS 731";2021-10-28 10:55:00;2021-10-28 11:11:00;"Departed";"LDDU";"Airbus A320";16
"1709";"Austrian";"OS 871";2021-10-28 10:55:00;2021-10-28 11:17:00;"Departed";"OIIE";"Airbus A319";22
"1710";"Austrian";"OS 797";2021-10-28 10:50:00;2021-10-28 10:57:00;"Departed";"LBSF";"Embraer 195";7
"1711";"Austrian";"OS 655";2021-10-28 10:50:00;2021-10-28 11:05:00;"Departed";"LUKK";"Embraer 195";15
"1712";"Austrian";"OS 847";2021-10-28 10:45:00;2021-10-28 11:03:00;"Departed";"LATI";"Airbus A320";18
"1713";"Austrian";"OS 153";2021-10-28 10:40:00;2021-10-28 10:47:00;"Departed";"EDDL";"Embraer 195";7
"1714";"Austrian";"OS 173";2021-10-28 10:40:00;2021-10-28 10:52:00;"Departed";"EDDH";"Airbus A320";12
"1715";"Austrian";"OS 425";2021-10-28 10:35:00;2021-10-28 10:41:00;"Departed";"LFMN";"Airbus A320";6
"1716";"Austrian";"OS 777";2021-10-28 10:35:00;2021-10-28 10:43:00;"Departed";"BKPR";"Embraer 195";8
"1717";"Austrian";"OS 831";2021-10-28 10:35:00;2021-10-28 10:46:00;"Departed";"LCLK";"Airbus A321";11
"1718";"Austrian";"OS 809";2021-10-28 10:35:00;2021-10-28 10:59:00;"Departed";"LGTS";"Airbus A320";24
"1719";"Austrian";"OS 791";2021-10-28 10:30:00;2021-10-28 10:42:00;"Departed";"LROP";"Airbus A320";12
"1720";"Austrian";"OS 619";2021-10-28 10:25:00;2021-10-28 10:36:00;"Departed";"UKOO";"Embraer 195";11
"1721";"Austrian";"OS 661";2021-10-28 10:05:00;2021-10-28 10:15:00;"Departed";"UKBB";"Airbus A320-100/200";10
"1722";"Austrian";"OS 801";2021-10-28 09:10:00;2021-10-28 09:18:00;"Departed";"LGAV";"Airbus A321";8
"1723";"Austrian";"OS 9503";2021-10-28 09:10:00;2021-10-28 09:25:00;"Departed";"GCLP";"Airbus A320";15
"1724";"Austrian";"OS 65";2021-10-28 08:45:00;2021-10-28 09:07:00;"Departed";"KORD";"Boeing 767-300 (winglets)";22
"1725";"Austrian";"OS 95";2021-10-28 08:40:00;2021-10-28 09:06:00;"Departed";"MMUN";"Boeing 777-200";26
"1726";"Austrian";"OS 87";2021-10-28 08:40:00;2021-10-28 09:22:00;"Departed";"KJFK";"Boeing 767-300 (winglets)";42
"1727";"Austrian";"OS 93";2021-10-28 08:35:00;2021-10-28 08:43:00;"Departed";"KIAD";"Boeing 767-300 (winglets)";8
"1728";"Austrian";"OS 4059";2021-10-28 08:25:00;2021-10-28 08:40:00;"Departed";"LPMA";"Airbus A320";15
"1729";"Austrian";"OS 857";2021-10-28 08:25:00;2021-10-28 08:49:00;"Departed";"LLBG";"Airbus A320";24
"1730";"Austrian";"OS 89";2021-10-28 08:15:00;2021-10-28 08:42:00;"Departed";"KEWR";"Boeing 767-300 (winglets)";27
"1731";"Austrian";"OS 829";2021-10-28 08:15:00;2021-10-28 08:34:00;"Departed";"ORER";"Airbus A319";19
"1732";"Austrian";"OS 739";2021-10-28 07:40:00;2021-10-28 07:46:00;"Departed";"LYBE";"Embraer 195";6
"1733";"Austrian";"OS 385";2021-10-28 07:40:00;2021-10-28 08:01:00;"Departed";"LEMG";"Airbus A320";21
"1734";"Austrian";"OS 903";2021-10-28 07:35:00;2021-10-28 07:42:00;"Departed";"LOWI";"Embraer 195";7
"1735";"Austrian";"OS 705";2021-10-28 07:20:00;2021-10-28 07:29:00;"Departed";"LKPR";"Embraer 195";9
"1736";"Austrian";"OS 625";2021-10-28 06:20:00;2021-10-28 06:39:00;"Departed";"EPWA";"Embraer 195";19
"1737";"Austrian";"OS 9505";2021-10-28 06:10:00;2021-10-28 06:35:00;"Departed";"GCTS";"Airbus A320";25
"1738";"Austrian";"OS 491";2021-10-28 06:05:00;2021-10-28 06:08:00;"Departed";"LIML";"Embraer 195";3
"1739";"Austrian";"OS 177";2021-10-28 05:50:00;2021-10-28 05:54:00;"Departed";"EDDS";"Embraer 195";4
"1740";"Austrian";"OS 223";2021-10-28 05:45:00;2021-10-28 05:58:00;"Departed";"EDDB";"Airbus A320";13
"1741";"Austrian";"OS 291";2021-10-28 05:45:00;2021-10-28 05:53:00;"Departed";"EDDV";"Embraer 195";8
"1742";"Austrian";"OS 351";2021-10-28 05:40:00;2021-10-28 05:46:00;"Departed";"EBBR";"Airbus A320";6
"1743";"Austrian";"OS 561";2021-10-28 05:40:00;2021-10-28 05:45:00;"Departed";"LSZH";"Airbus A320";5
"1744";"Austrian";"OS 175";2021-10-28 05:35:00;2021-10-28 05:48:00;"Departed";"EDDH";"Airbus A319";13
"1745";"Austrian";"OS 191";2021-10-28 05:35:00;2021-10-28 05:38:00;"Departed";"EDDK";"Embraer 195";3
"1746";"Austrian";"OS 151";2021-10-28 05:35:00;2021-10-28 05:43:00;"Departed";"EDDL";"Airbus A320";8
"1747";"Austrian";"OS 571";2021-10-28 05:35:00;2021-10-28 05:49:00;"Departed";"LSGG";"Embraer 195";14
"1748";"Austrian";"OS 301";2021-10-28 05:20:00;2021-10-28 05:35:00;"Departed";"EKCH";"Embraer 195";15
"1749";"Austrian";"OS 121";2021-10-28 05:15:00;2021-10-28 05:51:00;"Departed";"EDDF";"Airbus A320";36
"1750";"Austrian";"OS 371";2021-10-28 05:10:00;2021-10-28 05:19:00;"Departed";"EHAM";"Airbus A319";9
"1751";"Austrian";"OS 501";2021-10-28 05:10:00;2021-10-28 05:32:00;"Departed";"LIRF";"Airbus A321";22
"1752";"Austrian";"OS 111";2021-10-28 05:05:00;2021-10-28 05:13:00;"Departed";"EDDM";"Embraer 195";8
"1753";"Austrian";"OS 411";2021-10-28 05:00:00;2021-10-28 05:12:00;"Departed";"LFPG";"Airbus A321";12
"1754";"Austrian";"OS 391";2021-10-28 05:00:00;2021-10-28 05:15:00;"Departed";"LEBL";"Airbus A320";15
"1755";"Austrian";"OS 451";2021-10-28 04:50:00;2021-10-28 05:03:00;"Departed";"EGLL";"Airbus A320";13
"1756";"Austrian";"OS 2347";2021-10-28 04:00:00;2021-10-28 04:16:00;"Departed";"HEGN";"Airbus A320";16
"1757";"Austrian";"OS 769";2021-10-27 20:45:00;2021-10-27 20:50:00;"Departed";"BKPR";"Embraer 195";5
"1758";"Austrian";"OS 975";2021-10-27 20:45:00;2021-10-27 20:49:00;"Departed";"LOWG";"Embraer 195";4
"1759";"Austrian";"OS 775";2021-10-27 20:40:00;2021-10-27 21:01:00;"Departed";"LWSK";"Airbus A319";21
"1760";"Austrian";"OS 849";2021-10-27 20:40:00;2021-10-27 20:48:00;"Departed";"LATI";"Airbus A320";8
"1761";"Austrian";"OS 641";2021-10-27 20:35:00;2021-10-27 20:46:00;"Departed";"UDYZ";"Airbus A320";11
"1762";"Austrian";"OS 45";2021-10-27 20:20:00;2021-10-27 20:44:00;"Departed";"VRMM";"Boeing 777-200";24
"1763";"Austrian";"OS 729";2021-10-27 20:10:00;2021-10-27 20:17:00;"Departed";"LYPG";"Embraer 195";7
"1764";"Austrian";"OS 799";2021-10-27 20:00:00;2021-10-27 20:19:00;"Departed";"LBSF";"Airbus A320";19
"1765";"Austrian";"OS 913";2021-10-27 19:55:00;2021-10-27 20:02:00;"Departed";"LOWI";"Embraer 195";7
"1766";"Austrian";"OS 759";2021-10-27 19:55:00;2021-10-27 20:01:00;"Departed";"LQSA";"Embraer 195";6
"1767";"Austrian";"OS 711";2021-10-27 19:05:00;2021-10-27 19:10:00;"Departed";"LKPR";"Embraer 195";5
"1768";"Austrian";"OS 317";2021-10-27 19:00:00;2021-10-27 19:00:00;"Departed";"ESSA";"Airbus A321";0
"1769";"Austrian";"OS 239";2021-10-27 18:40:00;2021-10-27 18:49:00;"Departed";"EDDB";"Airbus A319";9
"1770";"Austrian";"OS 499";2021-10-27 18:30:00;2021-10-27 18:35:00;"Departed";"LIML";"Embraer 195";5
"1771";"Austrian";"OS 419";2021-10-27 18:25:00;2021-10-27 18:42:00;"Departed";"LFPG";"Airbus A321";17
"1772";"Austrian";"OS 457";2021-10-27 18:20:00;2021-10-27 18:37:00;"Departed";"EGLL";"Airbus A320";17
"1773";"Austrian";"OS 237";2021-10-27 17:05:00;2021-10-27 17:23:00;"Departed";"EDDB";"Airbus A320";18
"1774";"Austrian";"OS 497";2021-10-27 15:55:00;2021-10-27 16:10:00;"Departed";"LIML";"Embraer 195";15
"1775";"Austrian";"OS 295";2021-10-27 15:50:00;2021-10-27 15:58:00;"Departed";"EDDV";"Embraer 195";8
"1776";"Austrian";"OS 565";2021-10-27 15:50:00;2021-10-27 16:06:00;"Departed";"LSZH";"Airbus A320";16
"1777";"Austrian";"OS 305";2021-10-27 15:45:00;2021-10-27 15:52:00;"Departed";"EKCH";"Embraer 195";7
"1778";"Austrian";"OS 115";2021-10-27 15:45:00;2021-10-27 15:55:00;"Departed";"EDDM";"Embraer 195";10
"1779";"Austrian";"OS 235";2021-10-27 15:45:00;2021-10-27 15:56:00;"Departed";"EDDB";"Airbus A320";11
"1780";"Austrian";"OS 505";2021-10-27 15:45:00;2021-10-27 16:07:00;"Departed";"LIRF";"Airbus A320";22
"1781";"Austrian";"OS 187";2021-10-27 15:40:00;2021-10-27 15:49:00;"Departed";"EDDS";"Embraer 195";9
"1782";"Austrian";"OS 575";2021-10-27 15:40:00;2021-10-27 15:50:00;"Departed";"LSGG";"Embraer 195";10
"1783";"Austrian";"OS 473";2021-10-27 15:40:00;2021-10-27 15:36:00;"Departed";"LFSB";"Embraer 195";-4
"1784";"Austrian";"OS 315";2021-10-27 15:40:00;2021-10-27 16:08:00;"Departed";"ESSA";"Airbus A320";28
"1785";"Austrian";"OS 195";2021-10-27 15:35:00;2021-10-27 15:41:00;"Departed";"EDDK";"Embraer 195";6
"1786";"Austrian";"OS 213";2021-10-27 15:35:00;2021-10-27 15:45:00;"Departed";"EDDN";"Embraer 195";10
"1787";"Austrian";"OS 125";2021-10-27 15:35:00;2021-10-27 15:59:00;"Departed";"EDDF";"Airbus A320";24
"1788";"Austrian";"OS 355";2021-10-27 15:30:00;2021-10-27 15:37:00;"Departed";"EBBR";"Airbus A320";7
"1789";"Austrian";"OS 455";2021-10-27 15:30:00;2021-10-27 15:43:00;"Departed";"EGLL";"Airbus A320";13
"1790";"Austrian";"OS 171";2021-10-27 15:30:00;2021-10-27 15:46:00;"Departed";"EDDH";"Airbus A320";16
"1791";"Austrian";"OS 417";2021-10-27 15:25:00;2021-10-27 15:30:00;"Departed";"LFPG";"Airbus A321";5
"1792";"Austrian";"OS 9001";2021-10-27 15:25:00;2021-10-27 15:31:00;"Departed";"LGIR";"Embraer 195";6
"1793";"Austrian";"OS 155";2021-10-27 15:25:00;2021-10-27 15:35:00;"Departed";"EDDL";"Airbus A320";10
"1794";"Austrian";"OS 393";2021-10-27 15:25:00;2021-10-27 15:44:00;"Departed";"LEBL";"Airbus A320";19
"1795";"Austrian";"OS 375";2021-10-27 15:20:00;2021-10-27 15:54:00;"Departed";"EHAM";"Airbus A319";34
"1796";"Austrian";"OS 131";2021-10-27 13:10:00;2021-10-27 13:16:00;"Departed";"EDDF";"Airbus A320";6
"1797";"Austrian";"OS 863";2021-10-27 11:45:00;2021-10-27 11:53:00;"Departed";"HECA";"Airbus A320";8
"1798";"Austrian";"OS 683";2021-10-27 11:35:00;2021-10-27 11:39:00;"Departed";"LDZA";"Embraer 195";4
"1799";"Austrian";"OS 741";2021-10-27 11:30:00;2021-10-27 11:37:00;"Departed";"LZKZ";"Embraer 195";7
"1800";"Austrian";"OS 853";2021-10-27 11:20:00;2021-10-27 11:41:00;"Departed";"OJAI";"Airbus A320";21
"1801";"Austrian";"OS 939";2021-10-27 11:15:00;2021-10-27 11:18:00;"Departed";"LOWK";"Embraer 195";3
"1802";"Austrian";"OS 757";2021-10-27 11:15:00;2021-10-27 11:20:00;"Departed";"LQSA";"Embraer 195";5
"1803";"Austrian";"OS 9507";2021-10-27 11:10:00;2021-10-27 11:21:00;"Departed";"LEPA";"Embraer 195";11
"1804";"Austrian";"OS 773";2021-10-27 11:10:00;2021-10-27 11:22:00;"Departed";"LYBE";"Embraer 195";12
"1805";"Austrian";"OS 381";2021-10-27 11:10:00;2021-10-27 11:19:00;"Departed";"UKLL";"Embraer 195";9
"1806";"Austrian";"OS 229";2021-10-27 11:05:00;2021-10-27 11:12:00;"Departed";"EDDB";"Airbus A320";7
"1807";"Austrian";"OS 415";2021-10-27 11:05:00;2021-10-27 11:23:00;"Departed";"LFPG";"Airbus A321";18
"1808";"Austrian";"OS 531";2021-10-27 11:05:00;2021-10-27 11:10:00;"Departed";"LIRQ";"Embraer 195";5
"1809";"Austrian";"OS 963";2021-10-27 11:05:00;2021-10-27 11:11:00;"Departed";"LOWG";"Embraer 195";6
"1810";"Austrian";"OS 569";2021-10-27 11:05:00;2021-10-27 11:18:00;"Departed";"LSZH";"Airbus A320";13
"1811";"Austrian";"OS 727";2021-10-27 10:55:00;2021-10-27 11:01:00;"Departed";"LYPG";"Airbus A320";6
"1812";"Austrian";"OS 871";2021-10-27 10:55:00;2021-10-27 11:01:00;"Departed";"OIIE";"Airbus A319";6
"1813";"Austrian";"OS 797";2021-10-27 10:50:00;2021-10-27 11:05:00;"Departed";"LBSF";"Embraer 195";15
"1814";"Austrian";"OS 655";2021-10-27 10:50:00;2021-10-27 11:12:00;"Departed";"LUKK";"Embraer 195";22
"1815";"Austrian";"OS 847";2021-10-27 10:45:00;2021-10-27 10:55:00;"Departed";"LATI";"Airbus A320";10
"1816";"Austrian";"OS 173";2021-10-27 10:40:00;2021-10-27 10:51:00;"Departed";"EDDH";"Airbus A320";11
"1817";"Austrian";"OS 153";2021-10-27 10:40:00;2021-10-27 10:49:00;"Departed";"EDDL";"Airbus A320";9
"1818";"Austrian";"OS 777";2021-10-27 10:35:00;2021-10-27 10:46:00;"Departed";"BKPR";"Embraer 195";11
"1819";"Austrian";"OS 831";2021-10-27 10:35:00;2021-10-27 11:00:00;"Departed";"LCLK";"Airbus A321";25
"1820";"Austrian";"OS 425";2021-10-27 10:35:00;2021-10-27 10:44:00;"Departed";"LFMN";"Airbus A320";9
"1821";"Austrian";"OS 9005";2021-10-27 10:35:00;2021-10-27 10:42:00;"Departed";"LGSA";"Airbus A320";7
"1822";"Austrian";"OS 809";2021-10-27 10:35:00;2021-10-27 10:48:00;"Departed";"LGTS";"Airbus A320";13
"1823";"Austrian";"OS 791";2021-10-27 10:30:00;2021-10-27 10:43:00;"Departed";"LROP";"Airbus A320";13
"1824";"Austrian";"OS 763";2021-10-27 10:25:00;2021-10-27 10:38:00;"Departed";"LBWN";"Airbus A320";13
"1825";"Austrian";"OS 619";2021-10-27 10:25:00;2021-10-27 10:40:00;"Departed";"UKOO";"Embraer 195";15
"1826";"Austrian";"OS 661";2021-10-27 10:05:00;2021-10-27 10:15:00;"Departed";"UKBB";"Airbus A320";10
"1827";"Austrian";"OS 801";2021-10-27 09:10:00;2021-10-27 09:44:00;"Departed";"LGAV";"Airbus A321";34
"1828";"Austrian";"OS 65";2021-10-27 08:45:00;2021-10-27 09:02:00;"Departed";"KORD";"Boeing 777-200";17
"1829";"Austrian";"OS 93";2021-10-27 08:35:00;2021-10-27 08:36:00;"Departed";"KIAD";"Boeing 767-300 (winglets)";1
"1830";"Austrian";"OS 73";2021-10-27 08:30:00;2021-10-27 08:40:00;"Departed";"CYUL";"Boeing 767-300 (winglets)";10
"1831";"Austrian";"OS 857";2021-10-27 08:25:00;2021-10-27 08:35:00;"Departed";"LLBG";"Airbus A320";10
"1832";"Austrian";"OS 89";2021-10-27 08:15:00;2021-10-27 09:16:00;"Departed";"KEWR";"Boeing 767-300 (winglets)";61
"1833";"Austrian";"OS 601";2021-10-27 08:00:00;2021-10-27 08:09:00;"Departed";"UUDD";"Airbus A320";9
"1834";"Austrian";"OS 903";2021-10-27 07:35:00;2021-10-27 07:45:00;"Departed";"LOWI";"Embraer 195";10
"1835";"Austrian";"OS 705";2021-10-27 07:20:00;2021-10-27 07:23:00;"Departed";"LKPR";"Embraer 195";3
"1836";"Austrian";"OS 225";2021-10-27 07:05:00;2021-10-27 07:19:00;"Departed";"EDDB";"Airbus A320";14
"1837";"Austrian";"OS 547";2021-10-27 07:00:00;2021-10-27 07:09:00;"Departed";"LIPE";"Embraer 195";9
"1838";"Austrian";"OS 521";2021-10-27 07:00:00;2021-10-27 07:05:00;"Departed";"LIPZ";"Embraer EMB 195";5
"1839";"Austrian";"OS 471";2021-10-27 05:55:00;2021-10-27 06:00:00;"Departed";"LFSB";"Embraer 195";5
"1840";"Austrian";"OS 177";2021-10-27 05:50:00;2021-10-27 05:56:00;"Departed";"EDDS";"Embraer 195";6
"1841";"Austrian";"OS 291";2021-10-27 05:45:00;2021-10-27 05:52:00;"Departed";"EDDV";"Embraer 195";7
"1842";"Austrian";"OS 223";2021-10-27 05:45:00;2021-10-27 05:56:00;"Departed";"EDDB";"Airbus A320";11
"1843";"Austrian";"OS 351";2021-10-27 05:40:00;2021-10-27 05:47:00;"Departed";"EBBR";"Airbus A319";7
"1844";"Austrian";"OS 561";2021-10-27 05:40:00;2021-10-27 05:49:00;"Departed";"LSZH";"Airbus A320";9
"1845";"Austrian";"OS 191";2021-10-27 05:35:00;2021-10-27 05:43:00;"Departed";"EDDK";"Embraer 195";8
"1846";"Austrian";"OS 571";2021-10-27 05:35:00;2021-10-27 05:44:00;"Departed";"LSGG";"Embraer 195";9
"1847";"Austrian";"OS 151";2021-10-27 05:35:00;2021-10-27 05:46:00;"Departed";"EDDL";"Airbus A320";11
"1848";"Austrian";"OS 175";2021-10-27 05:35:00;2021-10-27 05:53:00;"Departed";"EDDH";"Airbus A320";18
"1849";"Austrian";"OS 301";2021-10-27 05:20:00;2021-10-27 05:37:00;"Departed";"EKCH";"Airbus A320";17
"1850";"Austrian";"OS 121";2021-10-27 05:15:00;2021-10-27 05:28:00;"Departed";"EDDF";"Airbus A321";13
"1851";"Austrian";"OS 501";2021-10-27 05:10:00;2021-10-27 05:19:00;"Departed";"LIRF";"Airbus A320";9
"1852";"Austrian";"OS 371";2021-10-27 05:10:00;2021-10-27 05:24:00;"Departed";"EHAM";"Embraer 195";14
"1853";"Austrian";"OS 111";2021-10-27 05:05:00;2021-10-27 05:10:00;"Departed";"EDDM";"Airbus A320";5
"1854";"Austrian";"OS 391";2021-10-27 05:00:00;2021-10-27 05:12:00;"Departed";"LEBL";"Airbus A319";12
"1855";"Austrian";"OS 411";2021-10-27 05:00:00;2021-10-27 05:33:00;"Departed";"LFPG";"Airbus A321";33
"1856";"Austrian";"OS 9409";2021-10-27 04:55:00;2021-10-27 05:03:00;"Departed";"LICC";"Airbus A319";8
"1857";"Austrian";"OS 451";2021-10-27 04:50:00;2021-10-27 05:01:00;"Departed";"EGLL";"Airbus A320";11
"1858";"Austrian";"OS 679";2021-10-26 20:50:00;2021-10-26 20:54:00;"Departed";"UKDE";"Embraer 195";4
"1859";"Austrian";"OS 975";2021-10-26 20:45:00;2021-10-26 20:50:00;"Departed";"LOWG";"Embraer EMB 195";5
"1860";"Austrian";"OS 769";2021-10-26 20:45:00;2021-10-26 20:46:00;"Departed";"BKPR";"Embraer 195";1
"1861";"Austrian";"OS 849";2021-10-26 20:40:00;2021-10-26 20:51:00;"Departed";"LATI";"Airbus A319";11
"1862";"Austrian";"OS 775";2021-10-26 20:40:00;2021-10-26 20:48:00;"Departed";"LWSK";"Airbus A319";8
"1863";"Austrian";"OS 641";2021-10-26 20:35:00;2021-10-26 20:47:00;"Departed";"UDYZ";"Airbus A320";12
"1864";"Austrian";"OS 767";2021-10-26 20:05:00;2021-10-26 20:15:00;"Departed";"LROP";"Airbus A319";10
"1865";"Austrian";"OS 799";2021-10-26 20:00:00;2021-10-26 20:04:00;"Departed";"LBSF";"Embraer EMB 195";4
"1866";"Austrian";"OS 759";2021-10-26 19:55:00;2021-10-26 20:05:00;"Departed";"LQSA";"Embraer EMB 195";10
"1867";"Austrian";"OS 239";2021-10-26 18:40:00;2021-10-26 19:32:00;"Departed";"EDDB";"Airbus A320";52
"1868";"Austrian";"OS 17";2021-10-26 18:25:00;2021-10-26 18:46:00;"Departed";"FIMP";"Boeing 777-200";21
"1869";"Austrian";"OS 631";2021-10-26 16:05:00;2021-10-26 16:09:00;"Departed";"EPWA";"Embraer 195";4
"1870";"Austrian";"OS 497";2021-10-26 15:55:00;2021-10-26 16:13:00;"Departed";"LIML";"Embraer 195";18
"1871";"Austrian";"OS 295";2021-10-26 15:50:00;2021-10-26 16:01:00;"Departed";"EDDV";"Embraer 195";11
"1872";"Austrian";"OS 549";2021-10-26 15:50:00;2021-10-26 16:00:00;"Departed";"LIPE";"Embraer 195";10
"1873";"Austrian";"OS 565";2021-10-26 15:50:00;2021-10-26 16:02:00;"Departed";"LSZH";"Airbus A320";12
"1874";"Austrian";"OS 235";2021-10-26 15:45:00;2021-10-26 16:04:00;"Departed";"EDDB";"Airbus A320";19
"1875";"Austrian";"OS 115";2021-10-26 15:45:00;2021-10-26 15:57:00;"Departed";"EDDM";"Embraer 195";12
"1876";"Austrian";"OS 305";2021-10-26 15:45:00;2021-10-26 15:56:00;"Departed";"EKCH";"Airbus A319";11
"1877";"Austrian";"OS 505";2021-10-26 15:45:00;2021-10-26 15:58:00;"Departed";"LIRF";"Airbus A321";13
"1878";"Austrian";"OS 187";2021-10-26 15:40:00;2021-10-26 15:43:00;"Departed";"EDDS";"Embraer 195";3
"1879";"Austrian";"OS 473";2021-10-26 15:40:00;2021-10-26 15:54:00;"Departed";"LFSB";"Embraer 195";14
"1880";"Austrian";"OS 575";2021-10-26 15:40:00;2021-10-26 15:49:00;"Departed";"LSGG";"Embraer 195";9
"1881";"Austrian";"OS 125";2021-10-26 15:35:00;2021-10-26 15:50:00;"Departed";"EDDF";"Airbus A320";15
"1882";"Austrian";"OS 195";2021-10-26 15:35:00;2021-10-26 15:44:00;"Departed";"EDDK";"Embraer 195";9
"1883";"Austrian";"OS 213";2021-10-26 15:35:00;2021-10-26 15:45:00;"Departed";"EDDN";"Embraer 195";10
"1884";"Austrian";"OS 901";2021-10-26 15:35:00;2021-10-26 15:33:00;"Departed";"LOWI";"Embraer 195";-2
"1885";"Austrian";"OS 355";2021-10-26 15:30:00;2021-10-26 15:36:00;"Departed";"EBBR";"Embraer 195";6
"1886";"Austrian";"OS 171";2021-10-26 15:30:00;2021-10-26 15:53:00;"Departed";"EDDH";"Airbus A320";23
"1887";"Austrian";"OS 455";2021-10-26 15:30:00;2021-10-26 15:47:00;"Departed";"EGLL";"Airbus A321";17
"1888";"Austrian";"OS 529";2021-10-26 15:30:00;2021-10-26 15:34:00;"Departed";"LIPZ";"Airbus A319";4
"1889";"Austrian";"OS 155";2021-10-26 15:25:00;2021-10-26 15:38:00;"Departed";"EDDL";"Embraer 195";13
"1890";"Austrian";"OS 417";2021-10-26 15:25:00;2021-10-26 15:59:00;"Departed";"LFPG";"Airbus A321";34
"1891";"Austrian";"OS 375";2021-10-26 15:20:00;2021-10-26 15:30:00;"Departed";"EHAM";"Airbus A320";10
"1892";"Austrian";"OS 131";2021-10-26 13:10:00;2021-10-26 13:14:00;"Departed";"EDDF";"Airbus A320-100/200";4
"1893";"Austrian";"OS 745";2021-10-26 11:20:00;2021-10-26 11:18:00;"Departed";"LDSP";"Embraer EMB 195";-2
"1894";"Austrian";"OS 381";2021-10-26 11:10:00;2021-10-26 11:14:00;"Departed";"UKLL";"Embraer EMB 195";4
"1895";"Austrian";"OS 569";2021-10-26 11:05:00;2021-10-26 11:08:00;"Departed";"LSZH";"Airbus A320-100/200";3
"1896";"Austrian";"OS 731";2021-10-26 10:55:00;2021-10-26 10:57:00;"Departed";"LDDU";"Airbus A320";2
"1897";"Austrian";"OS 727";2021-10-26 10:55:00;2021-10-26 10:56:00;"Departed";"LYPG";"Airbus A319";1
"1898";"Austrian";"OS 791";2021-10-26 10:35:00;2021-10-26 11:26:00;"Departed";"LROP";"Airbus A320-100/200";51
"1899";"Austrian";"OS 65";2021-10-26 08:45:00;2021-10-26 08:55:00;"Departed";"KORD";"Boeing 767-300 (winglets)";10
"1900";"Austrian";"OS 87";2021-10-26 08:40:00;2021-10-26 09:12:00;"Departed";"KJFK";"Boeing 767-300";32
"1901";"Austrian";"OS 93";2021-10-26 08:35:00;2021-10-26 08:39:00;"Departed";"KIAD";"Boeing 767-300";4
"1902";"Austrian";"OS 857";2021-10-26 08:25:00;2021-10-26 08:33:00;"Departed";"LLBG";"Airbus A319";8
"1903";"Austrian";"OS 385";2021-10-26 07:40:00;2021-10-26 07:45:00;"Departed";"LEMG";"Airbus A320-100/200";5
"1904";"Austrian";"OS 837";2021-10-26 07:40:00;2021-10-26 07:56:00;"Departed";"LCLK";"Airbus A320";16
"1905";"Austrian";"OS 903";2021-10-26 07:35:00;2021-10-26 07:34:00;"Departed";"LOWI";"Embraer EMB 195";-1
"1906";"Austrian";"OS 571";2021-10-26 05:35:00;2021-10-26 05:37:00;"Departed";"LSGG";"Embraer 195";2
"1907";"Austrian";"OS 121";2021-10-26 05:15:00;2021-10-26 05:42:00;"Departed";"EDDF";"Airbus A320-100/200";27
"1908";"Austrian";"OS 501";2021-10-26 05:10:00;2021-10-26 05:17:00;"Departed";"LIRF";"Airbus A321";7
"1909";"Austrian";"OS 111";2021-10-26 05:05:00;2021-10-26 05:19:00;"Departed";"EDDM";"Airbus A320";14
"1910";"Austrian";"OS 641";2021-10-25 20:35:00;2021-10-25 20:53:00;"Departed";"UDYZ";"Airbus A320-100/200";18
"1911";"Austrian";"OS 45";2021-10-25 20:20:00;2021-10-25 20:36:00;"Departed";"VRMM";"Boeing 777-200";16
"1912";"Austrian";"OS 499";2021-10-25 18:30:00;2021-10-25 18:32:00;"Departed";"LIML";"Embraer EMB 195";2
"1913";"Austrian";"OS 419";2021-10-25 18:25:00;2021-10-25 18:34:00;"Departed";"LFPG";"Airbus A320-100/200";9
"1914";"Austrian";"OS 195";2021-10-25 15:35:00;2021-10-25 15:46:00;"Departed";"EDDK";"Embraer EMB 195";11
"1915";"Austrian";"OS 25";2021-10-25 14:45:00;2021-10-25 15:04:00;"Departed";"VTBS";"Boeing 777-200";19
"1916";"Austrian";"OS 131";2021-10-25 13:10:00;2021-10-25 13:18:00;"Departed";"EDDF";"Airbus A320-100/200";8
"1917";"Austrian";"OS 741";2021-10-25 11:30:00;2021-10-25 11:37:00;"Departed";"LZKZ";"Embraer 195";7
"1918";"Austrian";"OS 853";2021-10-25 11:20:00;2021-10-25 11:55:00;"Departed";"OJAI";"Airbus A320";35
"1919";"Austrian";"OS 381";2021-10-25 11:10:00;2021-10-25 11:31:00;"Departed";"UKLL";"Embraer 195";21
"1920";"Austrian";"OS 569";2021-10-25 11:05:00;2021-10-25 11:25:00;"Departed";"LSZH";"Airbus A320";20
"1921";"Austrian";"OS 415";2021-10-25 11:05:00;2021-10-25 11:26:00;"Departed";"LFPG";"Airbus A320-100/200";21
"1922";"Austrian";"OS 731";2021-10-25 10:55:00;2021-10-25 11:10:00;"Departed";"LDDU";"Airbus A319";15
"1923";"Austrian";"OS 727";2021-10-25 10:55:00;2021-10-25 11:13:00;"Departed";"LYPG";"Airbus A320-100/200";18
"1924";"Austrian";"OS 871";2021-10-25 10:55:00;2021-10-25 11:29:00;"Departed";"OIIE";"Airbus A320-100/200";34
"1925";"Austrian";"OS 655";2021-10-25 10:50:00;2021-10-25 11:02:00;"Departed";"LUKK";"Airbus A319";12
"1926";"Austrian";"OS 791";2021-10-25 10:30:00;2021-10-25 10:44:00;"Departed";"LROP";"Airbus A320-100/200";14
"1927";"Austrian";"OS 619";2021-10-25 10:25:00;2021-10-25 10:33:00;"Departed";"UKOO";"Embraer EMB 195";8
"1928";"Austrian";"OS 65";2021-10-25 08:45:00;2021-10-25 08:59:00;"Departed";"KORD";"Boeing 767-300 (winglets)";14
"1929";"Austrian";"OS 93";2021-10-25 08:35:00;2021-10-25 08:53:00;"Departed";"KIAD";"Boeing 767-300";18
"1930";"Austrian";"OS 857";2021-10-25 08:25:00;2021-10-25 08:43:00;"Departed";"LLBG";"Airbus A319";18
"1931";"Austrian";"OS 335";2021-10-25 08:20:00;2021-10-25 08:34:00;"Departed";"ENGM";"Embraer EMB 195";14
"1932";"Austrian";"OS 739";2021-10-25 07:40:00;2021-10-25 07:48:00;"Departed";"LYBE";"Airbus A320-100/200";8
"1933";"Austrian";"OS 903";2021-10-25 07:35:00;2021-10-25 07:50:00;"Departed";"LOWI";"Embraer EMB 195";15
"1934";"Austrian";"OS 177";2021-10-25 05:50:00;2021-10-25 05:58:00;"Departed";"EDDS";"Embraer 195";8
"1935";"Austrian";"OS 571";2021-10-25 05:35:00;2021-10-25 05:47:00;"Departed";"LSGG";"Embraer EMB 195";12
"1936";"Austrian";"OS 121";2021-10-25 05:15:00;2021-10-25 05:37:00;"Departed";"EDDF";"Airbus A320";22
"1937";"Austrian";"OS 501";2021-10-25 05:10:00;2021-10-25 05:21:00;"Departed";"LIRF";"Airbus A320";11
"1938";"Austrian";"OS 111";2021-10-25 05:05:00;2021-10-25 05:12:00;"Departed";"EDDM";"Airbus A319";7
"1939";"Austrian";"OS 679";2021-10-24 20:50:00;2021-10-24 21:01:00;"Departed";"UKDE";"Airbus A319";11
"1940";"Austrian";"OS 641";2021-10-24 20:35:00;2021-10-24 21:04:00;"Departed";"UDYZ";"Airbus A320-100/200";29
"1941";"Austrian";"OS 605";2021-10-24 19:30:00;2021-10-24 19:42:00;"Departed";"UUDD";"Embraer EMB 195";12
"1942";"Austrian";"OS 711";2021-10-24 19:05:00;2021-10-24 19:20:00;"Departed";"LKPR";"Embraer EMB 195";15
"1943";"Austrian";"OS 307";2021-10-24 18:40:00;2021-10-24 19:09:00;"Departed";"EKCH";"Airbus A321-100/200";29
"1944";"Austrian";"OS 499";2021-10-24 18:30:00;2021-10-24 18:44:00;"Departed";"LIML";"Embraer EMB 195";14
"1945";"Austrian";"OS 419";2021-10-24 18:25:00;2021-10-24 18:41:00;"Departed";"LFPG";"Airbus A320-100/200";16
"1946";"Austrian";"OS 859";2021-10-24 18:15:00;2021-10-24 18:47:00;"Departed";"LLBG";"Airbus A320-100/200";32
"1947";"Austrian";"OS 237";2021-10-24 17:05:00;2021-10-24 17:21:00;"Departed";"EDDB";"Airbus A321";16
"1948";"Austrian";"OS 631";2021-10-24 16:05:00;2021-10-24 16:15:00;"Departed";"EPWA";"Embraer EMB 195";10
"1949";"Austrian";"OS 295";2021-10-24 15:55:00;2021-10-24 16:09:00;"Departed";"EDDV";"Embraer EMB 195";14
"1950";"Austrian";"OS 497";2021-10-24 15:55:00;2021-10-24 16:10:00;"Departed";"LIML";"Embraer EMB 195";15
"1951";"Austrian";"OS 235";2021-10-24 15:50:00;2021-10-24 16:16:00;"Departed";"EDDB";"Airbus A320-100/200";26
"1952";"Austrian";"OS 549";2021-10-24 15:50:00;2021-10-24 16:08:00;"Departed";"LIPE";"Embraer EMB 195";18
"1953";"Austrian";"OS 565";2021-10-24 15:50:00;2021-10-24 16:21:00;"Departed";"LSZH";"Airbus A320-100/200";31
"1954";"Austrian";"OS 115";2021-10-24 15:45:00;2021-10-24 15:59:00;"Departed";"EDDM";"Embraer 195";14
"1955";"Austrian";"OS 305";2021-10-24 15:45:00;2021-10-24 16:18:00;"Departed";"EKCH";"Airbus A321-100/200";33
"1956";"Austrian";"OS 505";2021-10-24 15:45:00;2021-10-24 16:03:00;"Departed";"LIRF";"Airbus A320";18
"1957";"Austrian";"OS 187";2021-10-24 15:40:00;2021-10-24 15:50:00;"Departed";"EDDS";"Embraer 195";10
"1958";"Austrian";"OS 315";2021-10-24 15:40:00;2021-10-24 16:10:00;"Departed";"ESSA";"Airbus A320";30
"1959";"Austrian";"OS 473";2021-10-24 15:40:00;2021-10-24 15:53:00;"Departed";"LFSB";"Embraer 195";13
"1960";"Austrian";"OS 575";2021-10-24 15:40:00;2021-10-24 15:57:00;"Departed";"LSGG";"Embraer 195";17
"1961";"Austrian";"OS 125";2021-10-24 15:35:00;2021-10-24 15:54:00;"Departed";"EDDF";"Airbus A320";19
"1962";"Austrian";"OS 195";2021-10-24 15:35:00;2021-10-24 15:56:00;"Departed";"EDDK";"Airbus A319";21
"1963";"Austrian";"OS 213";2021-10-24 15:35:00;2021-10-24 15:52:00;"Departed";"EDDN";"Embraer 195";17
"1964";"Austrian";"OS 355";2021-10-24 15:30:00;2021-10-24 15:49:00;"Departed";"EBBR";"Airbus A320";19
"1965";"Austrian";"OS 171";2021-10-24 15:30:00;2021-10-24 15:47:00;"Departed";"EDDH";"Airbus A320";17
"1966";"Austrian";"OS 455";2021-10-24 15:30:00;2021-10-24 16:04:00;"Departed";"EGLL";"Airbus A321";34
"1967";"Austrian";"OS 529";2021-10-24 15:30:00;2021-10-24 15:31:00;"Departed";"LIPZ";"Embraer 195";1
"1968";"Austrian";"OS 155";2021-10-24 15:25:00;2021-10-24 16:13:00;"Departed";"EDDL";"Airbus A321-100/200";48
"1969";"Austrian";"OS 393";2021-10-24 15:25:00;2021-10-24 15:39:00;"Departed";"LEBL";"Embraer 195";14
"1970";"Austrian";"OS 417";2021-10-24 15:25:00;2021-10-24 15:44:00;"Departed";"LFPG";"Airbus A320";19
"1971";"Austrian";"OS 977";2021-10-24 15:25:00;2021-10-24 15:34:00;"Departed";"LOWG";"Embraer 195";9
"1972";"Austrian";"OS 375";2021-10-24 15:20:00;2021-10-24 16:12:00;"Departed";"EHAM";"Airbus A320-100/200";52
"1973";"Austrian";"OS 863";2021-10-24 15:10:00;2021-10-24 15:29:00;"Departed";"HECA";"Airbus A320";19
"1974";"Austrian";"OS 303";2021-10-24 13:40:00;2021-10-24 14:06:00;"Departed";"EKCH";"Embraer EMB 195";26
"1975";"Austrian";"OS 131";2021-10-24 13:10:00;2021-10-24 13:34:00;"Departed";"EDDF";"Airbus A320";24
"1976";"Austrian";"OS 9507";2021-10-24 12:35:00;2021-10-24 12:41:00;"Departed";"LEPA";"Airbus A320";6
"1977";"Austrian";"OS 741";2021-10-24 11:30:00;2021-10-24 11:38:00;"Departed";"LZKZ";"Embraer 195";8
"1978";"Austrian";"OS 745";2021-10-24 11:20:00;2021-10-24 11:29:00;"Departed";"LDSP";"Airbus A320";9
"1979";"Austrian";"OS 853";2021-10-24 11:20:00;2021-10-24 11:43:00;"Departed";"OJAI";"Airbus A320";23
"1980";"Austrian";"OS 939";2021-10-24 11:15:00;2021-10-24 11:23:00;"Departed";"LOWK";"Embraer 195";8
"1981";"Austrian";"OS 757";2021-10-24 11:15:00;2021-10-24 11:34:00;"Departed";"LQSA";"Embraer 195";19
"1982";"Austrian";"OS 381";2021-10-24 11:10:00;2021-10-24 11:20:00;"Departed";"UKLL";"Embraer 195";10
"1983";"Austrian";"OS 773";2021-10-24 11:10:00;2021-10-24 11:25:00;"Departed";"LYBE";"Embraer 195";15
"1984";"Austrian";"OS 523";2021-10-24 11:05:00;2021-10-24 11:14:00;"Departed";"LIPZ";"Embraer 195";9
"1985";"Austrian";"OS 531";2021-10-24 11:05:00;2021-10-24 11:17:00;"Departed";"LIRQ";"Embraer 195";12
"1986";"Austrian";"OS 415";2021-10-24 11:05:00;2021-10-24 11:19:00;"Departed";"LFPG";"Airbus A320";14
"1987";"Austrian";"OS 229";2021-10-24 11:05:00;2021-10-24 11:39:00;"Departed";"EDDB";"Airbus A320";34
"1988";"Austrian";"OS 569";2021-10-24 11:00:00;2021-10-24 11:22:00;"Departed";"LSZH";"Airbus A320";22
"1989";"Austrian";"OS 727";2021-10-24 10:55:00;2021-10-24 11:03:00;"Departed";"LYPG";"Airbus A320";8
"1990";"Austrian";"OS 731";2021-10-24 10:55:00;2021-10-24 11:11:00;"Departed";"LDDU";"Airbus A320";16
"1991";"Austrian";"OS 871";2021-10-24 10:55:00;2021-10-24 11:16:00;"Departed";"OIIE";"Airbus A319";21
"1992";"Austrian";"OS 797";2021-10-24 10:50:00;2021-10-24 10:59:00;"Departed";"LBSF";"Embraer 195";9
"1993";"Austrian";"OS 655";2021-10-24 10:50:00;2021-10-24 11:05:00;"Departed";"LUKK";"Airbus A319";15
"1994";"Austrian";"OS 847";2021-10-24 10:45:00;2021-10-24 11:06:00;"Departed";"LATI";"Airbus A320";21
"1995";"Austrian";"OS 153";2021-10-24 10:40:00;2021-10-24 10:54:00;"Departed";"EDDL";"Airbus A320";14
"1996";"Austrian";"OS 173";2021-10-24 10:40:00;2021-10-24 11:07:00;"Departed";"EDDH";"Airbus A321";27
"1997";"Austrian";"OS 809";2021-10-24 10:35:00;2021-10-24 10:46:00;"Departed";"LGTS";"Airbus A320";11
"1998";"Austrian";"OS 425";2021-10-24 10:35:00;2021-10-24 10:58:00;"Departed";"LFMN";"Airbus A320";23
"1999";"Austrian";"OS 777";2021-10-24 10:35:00;2021-10-24 11:02:00;"Departed";"BKPR";"Embraer 195";27
"2000";"Austrian";"OS 831";2021-10-24 10:35:00;2021-10-24 11:12:00;"Departed";"LCLK";"Airbus A321";37
"2001";"Austrian";"OS 791";2021-10-24 10:30:00;2021-10-24 10:53:00;"Departed";"LROP";"Airbus A320";23
"2002";"Austrian";"OS 763";2021-10-24 10:25:00;2021-10-24 10:38:00;"Departed";"LBWN";"Airbus A320";13
"2003";"Austrian";"OS 619";2021-10-24 10:25:00;2021-10-24 10:34:00;"Departed";"UKOO";"Embraer 195";9
"2004";"Austrian";"OS 801";2021-10-24 09:10:00;2021-10-24 09:17:00;"Departed";"LGAV";"Airbus A320";7
"2005";"Austrian";"OS 65";2021-10-24 08:45:00;2021-10-24 08:52:00;"Departed";"KORD";"Boeing 777-200";7
"2006";"Austrian";"OS 95";2021-10-24 08:40:00;2021-10-24 09:00:00;"Departed";"MMUN";"Boeing 777-200";20
"2007";"Austrian";"OS 93";2021-10-24 08:35:00;2021-10-24 08:49:00;"Departed";"KIAD";"Boeing 767-300 (winglets)";14
"2008";"Austrian";"OS 73";2021-10-24 08:30:00;2021-10-24 09:06:00;"Departed";"CYUL";"Boeing 767-300 (winglets)";36
"2009";"Austrian";"OS 857";2021-10-24 08:25:00;2021-10-24 08:43:00;"Departed";"LLBG";"Airbus A320";18
"2010";"Austrian";"OS 463";2021-10-24 08:20:00;2021-10-24 08:38:00;"Departed";"EGCC";"Embraer 195";18
"2011";"Austrian";"OS 89";2021-10-24 08:15:00;2021-10-24 08:24:00;"Departed";"KEWR";"Boeing 767-300";9
"2012";"Austrian";"OS 601";2021-10-24 08:00:00;2021-10-24 08:57:00;"Departed";"UUDD";"Airbus A320";57
"2013";"Austrian";"OS 335";2021-10-24 07:40:00;2021-10-24 07:48:00;"Departed";"ENGM";"Embraer 195";8
"2014";"Austrian";"OS 837";2021-10-24 07:40:00;2021-10-24 08:06:00;"Departed";"LCLK";"Airbus A321";26
"2015";"Austrian";"OS 385";2021-10-24 07:40:00;2021-10-24 07:50:00;"Departed";"LEMG";"Airbus A321";10
"2016";"Austrian";"OS 903";2021-10-24 07:35:00;2021-10-24 07:51:00;"Departed";"LOWI";"Embraer 195";16
"2017";"Austrian";"OS 811";2021-10-24 07:30:00;2021-10-24 07:26:00;"Departed";"LGTS";"Airbus A320";-4
"2018";"Austrian";"OS 705";2021-10-24 07:20:00;2021-10-24 07:31:00;"Departed";"LKPR";"Embraer 195";11
"2019";"Austrian";"OS 491";2021-10-24 06:05:00;2021-10-24 06:09:00;"Departed";"LIML";"Embraer 195";4
"2020";"Austrian";"OS 177";2021-10-24 05:50:00;2021-10-24 05:54:00;"Departed";"EDDS";"Embraer 195";4
"2021";"Austrian";"OS 223";2021-10-24 05:45:00;2021-10-24 06:03:00;"Departed";"EDDB";"Airbus A320";18
"2022";"Austrian";"OS 351";2021-10-24 05:40:00;2021-10-24 05:50:00;"Departed";"EBBR";"Embraer 195";10
"2023";"Austrian";"OS 561";2021-10-24 05:40:00;2021-10-24 05:55:00;"Departed";"LSZH";"Airbus A320";15
"2024";"Austrian";"OS 571";2021-10-24 05:35:00;2021-10-24 05:46:00;"Departed";"LSGG";"Embraer 195";11
"2025";"Austrian";"OS 151";2021-10-24 05:35:00;2021-10-24 05:47:00;"Departed";"EDDL";"Airbus A320";12
"2026";"Austrian";"OS 175";2021-10-24 05:35:00;2021-10-24 05:51:00;"Departed";"EDDH";"Airbus A320";16
"2027";"Austrian";"OS 301";2021-10-24 05:20:00;2021-10-24 06:19:00;"Departed";"EKCH";"Airbus A321-100/200";59
"2028";"Austrian";"OS 121";2021-10-24 05:15:00;2021-10-24 05:34:00;"Departed";"EDDF";"Airbus A320";19
"2029";"Austrian";"OS 371";2021-10-24 05:10:00;2021-10-24 05:24:00;"Departed";"EHAM";"Embraer 195";14
"2030";"Austrian";"OS 501";2021-10-24 05:10:00;2021-10-24 05:29:00;"Departed";"LIRF";"Airbus A321";19
"2031";"Austrian";"OS 111";2021-10-24 05:05:00;2021-10-24 05:14:00;"Departed";"EDDM";"Embraer 195";9
"2032";"Austrian";"OS 411";2021-10-24 05:00:00;2021-10-24 05:17:00;"Departed";"LFPG";"Airbus A320";17
"2033";"Austrian";"OS 9003";2021-10-24 05:00:00;2021-10-24 05:31:00;"Departed";"LGIR";"Airbus A321";31
"2034";"Austrian";"OS 451";2021-10-24 04:50:00;2021-10-24 05:08:00;"Departed";"EGLL";"Airbus A320";18
"2035";"Austrian";"OS 311";2021-10-24 04:35:00;2021-10-24 04:51:00;"Departed";"ESSA";"Airbus A319";16
"2036";"Austrian";"OS 9173";2021-10-24 04:20:00;2021-10-24 04:36:00;"Departed";"LGRP";"Airbus A320";16
"2037";"Austrian";"OS 769";2021-10-23 20:45:00;2021-10-23 21:06:00;"Departed";"BKPR";"Embraer 195";21
"2038";"Austrian";"OS 849";2021-10-23 20:40:00;2021-10-23 20:59:00;"Departed";"LATI";"Airbus A320";19
"2039";"Austrian";"OS 775";2021-10-23 20:40:00;2021-10-23 20:49:00;"Departed";"LWSK";"Airbus A320";9
"2040";"Austrian";"OS 641";2021-10-23 20:35:00;2021-10-23 20:51:00;"Departed";"UDYZ";"Airbus A320";16
"2041";"Austrian";"OS 865";2021-10-23 20:15:00;2021-10-23 20:20:00;"Delayed";"HECA";"Airbus A321";5
"2042";"Austrian";"OS 865";2021-10-23 20:15:00;2021-10-23 21:14:00;"Departed";"HECA";"Airbus A321";59
"2043";"Austrian";"OS 767";2021-10-23 20:05:00;2021-10-23 20:34:00;"Departed";"LROP";"Airbus A319";29
"2044";"Austrian";"OS 799";2021-10-23 20:00:00;2021-10-23 20:17:00;"Departed";"LBSF";"Embraer 195";17
"2045";"Austrian";"OS 759";2021-10-23 19:55:00;2021-10-23 20:04:00;"Departed";"LQSA";"Embraer 195";9
"2046";"Austrian";"OS 307";2021-10-23 19:45:00;2021-10-23 19:55:00;"Departed";"EKCH";"Airbus A321";10
"2047";"Austrian";"OS 711";2021-10-23 19:05:00;2021-10-23 19:13:00;"Departed";"LKPR";"Embraer EMB 195";8
"2048";"Austrian";"OS 239";2021-10-23 18:45:00;2021-10-23 19:48:00;"Departed";"EDDB";"Airbus A321";63
"2049";"Austrian";"OS 419";2021-10-23 18:25:00;2021-10-23 18:37:00;"Departed";"LFPG";"Airbus A320";12
"2050";"Austrian";"OS 457";2021-10-23 18:20:00;2021-10-23 18:33:00;"Departed";"EGLL";"Airbus A320";13
"2051";"Austrian";"OS 127";2021-10-23 18:10:00;2021-10-23 18:30:00;"Delayed";"EDDF";"Airbus A320";20
"2052";"Austrian";"OS 127";2021-10-23 18:10:00;2021-10-23 19:18:00;"Departed";"EDDF";"Airbus A320-100/200";68
"2053";"Austrian";"OS 9411";2021-10-23 16:30:00;2021-10-23 16:36:00;"Departed";"LIRN";"Embraer 195";6
"2054";"Austrian";"OS 631";2021-10-23 16:05:00;2021-10-23 16:17:00;"Departed";"EPWA";"Embraer 195";12
"2055";"Austrian";"OS 497";2021-10-23 15:55:00;2021-10-23 16:09:00;"Departed";"LIML";"Embraer 195";14
"2056";"Austrian";"OS 295";2021-10-23 15:50:00;2021-10-23 15:58:00;"Departed";"EDDV";"Embraer 195";8
"2057";"Austrian";"OS 565";2021-10-23 15:50:00;2021-10-23 16:01:00;"Departed";"LSZH";"Embraer 195";11
"2058";"Austrian";"OS 505";2021-10-23 15:45:00;2021-10-23 15:45:00;"Departed";"LIRF";"Embraer 195";0
"2059";"Austrian";"OS 115";2021-10-23 15:45:00;2021-10-23 15:54:00;"Departed";"EDDM";"Embraer 195";9
"2060";"Austrian";"OS 235";2021-10-23 15:45:00;2021-10-23 15:56:00;"Departed";"EDDB";"Airbus A321";11
"2061";"Austrian";"OS 305";2021-10-23 15:45:00;2021-10-23 16:04:00;"Departed";"EKCH";"Airbus A320";19
"2062";"Austrian";"OS 187";2021-10-23 15:40:00;2021-10-23 15:49:00;"Departed";"EDDS";"Embraer 195";9
"2063";"Austrian";"OS 575";2021-10-23 15:40:00;2021-10-23 15:51:00;"Departed";"LSGG";"Embraer 195";11
"2064";"Austrian";"OS 315";2021-10-23 15:40:00;2021-10-23 16:00:00;"Departed";"ESSA";"Airbus A320";20
"2065";"Austrian";"OS 901";2021-10-23 15:35:00;2021-10-23 15:37:00;"Departed";"LOWI";"Embraer 195";2
"2066";"Austrian";"OS 125";2021-10-23 15:35:00;2021-10-23 15:56:00;"Departed";"EDDF";"Airbus A320";21
"2067";"Austrian";"OS 355";2021-10-23 15:30:00;2021-10-23 15:43:00;"Departed";"EBBR";"Embraer 195";13
"2068";"Austrian";"OS 171";2021-10-23 15:30:00;2021-10-23 15:46:00;"Departed";"EDDH";"Airbus A319";16
"2069";"Austrian";"OS 455";2021-10-23 15:30:00;2021-10-23 15:52:00;"Departed";"EGLL";"Airbus A320";22
"2070";"Austrian";"OS 9037";2021-10-23 15:25:00;2021-10-23 15:34:00;"Departed";"LGSR";"Embraer 195";9
"2071";"Austrian";"OS 417";2021-10-23 15:25:00;2021-10-23 15:40:00;"Departed";"LFPG";"Airbus A320";15
"2072";"Austrian";"OS 155";2021-10-23 15:25:00;2021-10-23 15:46:00;"Departed";"EDDL";"Airbus A321";21
"2073";"Austrian";"OS 9507";2021-10-23 14:55:00;2021-10-23 15:21:00;"Departed";"LEPA";"Airbus A320";26
"2074";"Austrian";"OS 9409";2021-10-23 13:10:00;2021-10-23 13:55:00;"Departed";"LICC";"Airbus A320";45
"2075";"Austrian";"OS 9505";2021-10-23 11:25:00;2021-10-23 11:40:00;"Departed";"GCTS";"Airbus A321";15
"2076";"Austrian";"OS 861";2021-10-23 11:20:00;2021-10-23 13:36:00;"Departed";"LLBG";"Airbus A320";136
"2077";"Austrian";"OS 745";2021-10-23 11:20:00;2021-10-23 11:27:00;"Departed";"LDSP";"Airbus A320";7
"2078";"Austrian";"OS 853";2021-10-23 11:20:00;2021-10-23 11:52:00;"Departed";"OJAI";"Airbus A320";32
"2079";"Austrian";"OS 757";2021-10-23 11:15:00;2021-10-23 11:39:00;"Departed";"LQSA";"Embraer 195";24
"2080";"Austrian";"OS 773";2021-10-23 11:10:00;2021-10-23 11:20:00;"Departed";"LYBE";"Embraer 195";10
"2081";"Austrian";"OS 381";2021-10-23 11:10:00;2021-10-23 11:26:00;"Departed";"UKLL";"Embraer 195";16
"2082";"Austrian";"OS 229";2021-10-23 11:05:00;2021-10-23 11:21:00;"Departed";"EDDB";"Airbus A321";16
"2083";"Austrian";"OS 415";2021-10-23 11:05:00;2021-10-23 11:14:00;"Departed";"LFPG";"Airbus A320";9
"2084";"Austrian";"OS 523";2021-10-23 11:05:00;2021-10-23 11:10:00;"Departed";"LIPZ";"Embraer 195";5
"2085";"Austrian";"OS 963";2021-10-23 11:05:00;2021-10-23 11:15:00;"Departed";"LOWG";"Embraer 195";10
"2086";"Austrian";"OS 569";2021-10-23 11:05:00;2021-10-23 11:32:00;"Departed";"LSZH";"Airbus A320";27
"2087";"Austrian";"OS 531";2021-10-23 11:00:00;2021-10-23 11:12:00;"Departed";"LIRQ";"Embraer 195";12
"2088";"Austrian";"OS 731";2021-10-23 10:55:00;2021-10-23 11:07:00;"Departed";"LDDU";"Airbus A320";12
"2089";"Austrian";"OS 871";2021-10-23 10:55:00;2021-10-23 11:33:00;"Departed";"OIIE";"Airbus A319";38
"2090";"Austrian";"OS 727";2021-10-23 10:55:00;2021-10-23 11:09:00;"Departed";"LYPG";"Airbus A319";14
"2091";"Austrian";"OS 797";2021-10-23 10:50:00;2021-10-23 10:59:00;"Departed";"LBSF";"Embraer 195";9
"2092";"Austrian";"OS 655";2021-10-23 10:50:00;2021-10-23 11:19:00;"Departed";"LUKK";"Embraer 195";29
"2093";"Austrian";"OS 847";2021-10-23 10:45:00;2021-10-23 10:54:00;"Departed";"LATI";"Airbus A320";9
"2094";"Austrian";"OS 173";2021-10-23 10:40:00;2021-10-23 11:00:00;"Departed";"EDDH";"Airbus A321";20
"2095";"Austrian";"OS 831";2021-10-23 10:35:00;2021-10-23 11:03:00;"Departed";"LCLK";"Boeing 777-200";28
"2096";"Austrian";"OS 425";2021-10-23 10:35:00;2021-10-23 10:44:00;"Departed";"LFMN";"Airbus A320";9
"2097";"Austrian";"OS 809";2021-10-23 10:35:00;2021-10-23 12:19:00;"Departed";"LGTS";"Airbus A320-100/200";104
"2098";"Austrian";"OS 777";2021-10-23 10:35:00;2021-10-23 10:46:00;"Departed";"BKPR";"Embraer 195";11
"2099";"Austrian";"OS 807";2021-10-23 10:30:00;2021-10-23 10:42:00;"Departed";"LGAV";"Airbus A320";12
"2100";"Austrian";"OS 791";2021-10-23 10:30:00;2021-10-23 10:52:00;"Departed";"LROP";"Airbus A320";22
"2101";"Austrian";"OS 763";2021-10-23 10:25:00;2021-10-23 10:40:00;"Departed";"LBWN";"Embraer 195";15
"2102";"Austrian";"OS 619";2021-10-23 10:25:00;2021-10-23 10:35:00;"Departed";"UKOO";"Embraer 195";10
"2103";"Austrian";"OS 661";2021-10-23 10:05:00;2021-10-23 10:08:00;"Departed";"UKBB";"Airbus A319";3
"2104";"Austrian";"OS 9137";2021-10-23 10:00:00;2021-10-23 10:10:00;"Departed";"LGSA";"Airbus A320";10
"2105";"Austrian";"OS 2239";2021-10-23 09:30:00;2021-10-23 09:36:00;"Departed";"LCLK";"Airbus A320";6
"2106";"Austrian";"OS 863";2021-10-23 09:15:00;2021-10-23 09:49:00;"Departed";"HECA";"Airbus A320";34
"2107";"Austrian";"OS 801";2021-10-23 09:00:00;2021-10-23 09:08:00;"Departed";"LGAV";"Airbus A320";8
"2108";"Austrian";"OS 2339";2021-10-23 08:45:00;2021-10-23 09:03:00;"Departed";"HEGN";"Airbus A321";18
"2109";"Austrian";"OS 65";2021-10-23 08:45:00;2021-10-23 09:06:00;"Departed";"KORD";"Boeing 767-300 (winglets)";21
"2110";"Austrian";"OS 87";2021-10-23 08:40:00;2021-10-23 08:57:00;"Departed";"KJFK";"Boeing 767-300 (winglets)";17
"2111";"Austrian";"OS 93";2021-10-23 08:35:00;2021-10-23 08:51:00;"Departed";"KIAD";"Boeing 767-300 (winglets)";16
"2112";"Austrian";"OS 89";2021-10-23 08:15:00;2021-10-23 08:23:00;"Departed";"KEWR";"Boeing 767-300";8
"2113";"Austrian";"OS 89";2021-10-23 08:15:00;2021-10-23 08:23:00;"Departed";"KEWR";"Boeing 767-300";8
"2114";"Austrian";"OS 129";2021-10-23 08:10:00;2021-10-23 08:29:00;"Departed";"EDDF";"Airbus A320-100/200";19
"2115";"Austrian";"OS 129";2021-10-23 08:10:00;2021-10-23 08:29:00;"Departed";"EDDF";"Airbus A320-100/200";19
"2116";"Austrian";"OS 601";2021-10-23 08:00:00;2021-10-23 08:12:00;"Departed";"UUDD";"Airbus A320";12
"2117";"Austrian";"OS 601";2021-10-23 08:00:00;2021-10-23 08:12:00;"Departed";"UUDD";"Airbus A320";12
"2118";"Austrian";"OS 335";2021-10-23 07:45:00;2021-10-23 07:57:00;"Departed";"ENGM";"Embraer 195";12
"2119";"Austrian";"OS 335";2021-10-23 07:45:00;2021-10-23 07:57:00;"Departed";"ENGM";"Embraer 195";12
"2120";"Austrian";"OS 837";2021-10-23 07:40:00;2021-10-23 07:53:00;"Departed";"LCLK";"Airbus A321";13
"2121";"Austrian";"OS 385";2021-10-23 07:40:00;2021-10-23 07:54:00;"Departed";"LEMG";"Airbus A320";14
"2122";"Austrian";"OS 837";2021-10-23 07:40:00;2021-10-23 07:53:00;"Departed";"LCLK";"Airbus A321";13
"2123";"Austrian";"OS 385";2021-10-23 07:40:00;2021-10-23 07:54:00;"Departed";"LEMG";"Airbus A320";14
"2124";"Austrian";"OS 903";2021-10-23 07:35:00;2021-10-23 07:42:00;"Departed";"LOWI";"Embraer 195";7
"2125";"Austrian";"OS 903";2021-10-23 07:35:00;2021-10-23 07:42:00;"Departed";"LOWI";"Embraer 195";7
"2126";"Austrian";"OS 739";2021-10-23 07:30:00;2021-10-23 07:39:00;"Departed";"LYBE";"Embraer 195";9
"2127";"Austrian";"OS 739";2021-10-23 07:30:00;2021-10-23 07:39:00;"Departed";"LYBE";"Embraer 195";9
"2128";"Austrian";"OS 9001";2021-10-23 07:20:00;2021-10-23 07:33:00;"Departed";"LGIR";"Airbus A320";13
"2129";"Austrian";"OS 705";2021-10-23 07:20:00;2021-10-23 07:25:00;"Departed";"LKPR";"Embraer 195";5
"2130";"Austrian";"OS 9001";2021-10-23 07:20:00;2021-10-23 07:33:00;"Departed";"LGIR";"Airbus A320";13
"2131";"Austrian";"OS 705";2021-10-23 07:20:00;2021-10-23 07:25:00;"Departed";"LKPR";"Embraer 195";5
"2132";"Austrian";"OS 737";2021-10-21 20:10:00;2021-10-21 20:30:00;"Delayed";"LYBE";"Embraer 195";20
"2133";"Austrian";"OS 499";2021-10-21 18:30:00;2021-10-21 18:56:00;"Departed";"LIML";"Embraer 195";26
"2134";"Austrian";"OS 419";2021-10-21 18:25:00;2021-10-21 18:45:00;"Departed";"LFPG";"Airbus A320";20
"2135";"Austrian";"OS 377";2021-10-21 18:20:00;2021-10-21 18:30:00;"Delayed";"EHAM";"Airbus A320";10
"2136";"Austrian";"OS 859";2021-10-21 18:15:00;2021-10-21 18:35:00;"Departed";"LLBG";"Airbus A320";20
"2137";"Austrian";"OS 237";2021-10-21 17:05:00;2021-10-21 17:27:00;"Departed";"EDDB";"Airbus A321-100/200";22
"2138";"Austrian";"OS 8173";2021-10-21 16:10:00;2021-10-21 16:25:00;"Delayed";"EBBR";"Airbus A319";15
"2139";"Austrian";"OS 25";2021-10-21 14:45:00;2021-10-21 15:04:00;"Departed";"VTBS";"Boeing 777-200";19
"2140";"Austrian";"OS 131";2021-10-21 13:10:00;2021-10-21 13:18:00;"Departed";"EDDF";"Airbus A320-100/200";8
"2141";"Austrian";"OS 741";2021-10-21 11:30:00;2021-10-21 11:49:00;"Departed";"LZKZ";"Embraer EMB 195";19
"2142";"Austrian";"OS 853";2021-10-21 11:20:00;2021-10-21 11:52:00;"Departed";"OJAI";"Airbus A320";32
"2143";"Austrian";"OS 381";2021-10-21 11:10:00;2021-10-21 11:40:00;"Departed";"UKLL";"Embraer EMB 195";30
"2144";"Austrian";"OS 415";2021-10-21 11:05:00;2021-10-21 11:19:00;"Departed";"LFPG";"Airbus A320-100/200";14
"2145";"Austrian";"OS 569";2021-10-21 11:05:00;2021-10-21 11:16:00;"Departed";"LSZH";"Airbus A320-100/200";11
"2146";"Austrian";"OS 871";2021-10-21 10:55:00;2021-10-21 11:45:00;"Departed";"OIIE";"Airbus A319";50
"2147";"Austrian";"OS 727";2021-10-21 10:55:00;2021-10-21 11:14:00;"Departed";"LYPG";"Airbus A320-100/200";19
"2148";"Austrian";"OS 655";2021-10-21 10:50:00;2021-10-21 11:07:00;"Departed";"LUKK";"Embraer EMB 195";17
"2149";"Austrian";"OS 791";2021-10-21 10:30:00;2021-10-21 10:34:00;"Departed";"LROP";"Airbus A320";4
"2150";"Austrian";"OS 619";2021-10-21 10:25:00;2021-10-21 10:40:00;"Departed";"UKOO";"Embraer 195";15
"2151";"Austrian";"OS 65";2021-10-21 08:45:00;2021-10-21 08:51:00;"Departed";"KORD";"Boeing 767-300";6
"2152";"Austrian";"OS 87";2021-10-21 08:40:00;2021-10-21 08:59:00;"Departed";"KJFK";"Boeing 767-300 (winglets)";19
"2153";"Austrian";"OS 93";2021-10-21 08:35:00;2021-10-21 08:49:00;"Departed";"KIAD";"Boeing 767-300";14
"2154";"Austrian";"OS 4059";2021-10-21 08:25:00;2021-10-21 08:42:00;"Departed";"LPMA";"Airbus A320-100/200";17
"2155";"Austrian";"OS 857";2021-10-21 08:25:00;2021-10-21 08:33:00;"Departed";"LLBG";"Airbus A320-100/200";8
"2156";"Austrian";"OS 89";2021-10-21 08:15:00;2021-10-21 08:40:00;"Departed";"KEWR";"Boeing 767-300";25
"2157";"Austrian";"OS 829";2021-10-21 08:15:00;2021-10-21 08:34:00;"Departed";"ORER";"Airbus A319";19
"2158";"Austrian";"OS 385";2021-10-21 07:40:00;2021-10-21 07:53:00;"Departed";"LEMG";"Airbus A321";13
"2159";"Austrian";"OS 739";2021-10-21 07:40:00;2021-10-21 07:47:00;"Departed";"LYBE";"Embraer EMB 195";7
"2160";"Austrian";"OS 903";2021-10-21 07:35:00;2021-10-21 07:43:00;"Departed";"LOWI";"Embraer EMB 195";8
"2161";"Austrian";"OS 601";2021-10-21 07:30:00;2021-10-21 07:50:00;"Departed";"UUDD";"Boeing 777-200";20
"2162";"Austrian";"OS 9505";2021-10-21 06:10:00;2021-10-21 06:34:00;"Departed";"GCTS";"Airbus A320";24
"2163";"Austrian";"OS 177";2021-10-21 05:50:00;2021-10-21 05:56:00;"Departed";"EDDS";"Embraer EMB 195";6
"2164";"Austrian";"OS 571";2021-10-21 05:35:00;2021-10-21 05:41:00;"Departed";"LSGG";"Embraer EMB 195";6
"2165";"Austrian";"OS 121";2021-10-21 05:15:00;2021-10-21 05:37:00;"Departed";"EDDF";"Airbus A321-100/200";22
"2166";"Austrian";"OS 501";2021-10-21 05:10:00;2021-10-21 05:21:00;"Departed";"LIRF";"Airbus A320-100/200";11
"2167";"Austrian";"OS 111";2021-10-21 05:05:00;2021-10-21 05:14:00;"Departed";"EDDM";"Embraer EMB 195";9
"2168";"Austrian";"OS 641";2021-10-20 20:35:00;2021-10-20 20:57:00;"Departed";"UDYZ";"Airbus A320";22
"2169";"Austrian";"OS 711";2021-10-20 19:05:00;2021-10-20 19:25:00;"Departed";"LKPR";"Embraer EMB 195";20
"2170";"Austrian";"OS 499";2021-10-20 18:30:00;2021-10-20 18:40:00;"Departed";"LIML";"Embraer EMB 195";10
"2171";"Austrian";"OS 419";2021-10-20 18:25:00;2021-10-20 18:34:00;"Departed";"LFPG";"Airbus A320";9
"2172";"Austrian";"OS 237";2021-10-20 17:05:00;2021-10-20 17:21:00;"Departed";"EDDB";"Airbus A320-100/200";16
"2173";"Austrian";"OS 305";2021-10-20 15:45:00;2021-10-20 15:57:00;"Departed";"EKCH";"Airbus A321";12
"2174";"Austrian";"OS 195";2021-10-20 15:35:00;2021-10-20 15:49:00;"Departed";"EDDK";"Embraer EMB 195";14
"2175";"Austrian";"OS 131";2021-10-20 13:10:00;2021-10-20 13:21:00;"Departed";"EDDF";"Airbus A320-100/200";11
"2176";"Austrian";"OS 741";2021-10-20 11:30:00;2021-10-20 11:37:00;"Departed";"LZKZ";"Embraer 195";7
"2177";"Austrian";"OS 745";2021-10-20 11:20:00;2021-10-20 11:31:00;"Departed";"LDSP";"Airbus A319";11
"2178";"Austrian";"OS 853";2021-10-20 11:20:00;2021-10-20 11:32:00;"Departed";"OJAI";"Airbus A320";12
"2179";"Austrian";"OS 381";2021-10-20 11:10:00;2021-10-20 11:21:00;"Departed";"UKLL";"Embraer EMB 195";11
"2180";"Austrian";"OS 9507";2021-10-20 11:10:00;2021-10-20 11:49:00;"Departed";"LEPA";"Embraer 195";39
"2181";"Austrian";"OS 415";2021-10-20 11:05:00;2021-10-20 11:46:00;"Departed";"LFPG";"Airbus A320-100/200";41
"2182";"Austrian";"OS 569";2021-10-20 11:05:00;2021-10-20 11:16:00;"Departed";"LSZH";"Airbus A320-100/200";11
"2183";"Austrian";"OS 731";2021-10-20 10:55:00;2021-10-20 11:02:00;"Departed";"LDDU";"Airbus A320-100/200";7
"2184";"Austrian";"OS 871";2021-10-20 10:55:00;2021-10-20 11:06:00;"Departed";"OIIE";"Airbus A319";11
"2185";"Austrian";"OS 727";2021-10-20 10:55:00;2021-10-20 11:11:00;"Departed";"LYPG";"Airbus A320-100/200";16
"2186";"Austrian";"OS 655";2021-10-20 10:50:00;2021-10-20 11:01:00;"Departed";"LUKK";"Embraer EMB 195";11
"2187";"Austrian";"OS 9005";2021-10-20 10:35:00;2021-10-20 10:43:00;"Departed";"LGSA";"Airbus A320";8
"2188";"Austrian";"OS 791";2021-10-20 10:30:00;2021-10-20 10:39:00;"Departed";"LROP";"Airbus A320";9
"2189";"Austrian";"OS 619";2021-10-20 10:25:00;2021-10-20 10:58:00;"Departed";"UKOO";"Embraer 195";33
"2190";"Austrian";"OS 65";2021-10-20 08:45:00;2021-10-20 09:12:00;"Departed";"KORD";"Boeing 777-200";27
"2191";"Austrian";"OS 93";2021-10-20 08:35:00;2021-10-20 08:46:00;"Departed";"KIAD";"Boeing 767-300";11
"2192";"Austrian";"OS 73";2021-10-20 08:30:00;2021-10-20 08:54:00;"Departed";"CYUL";"Boeing 767-300";24
"2193";"Austrian";"OS 857";2021-10-20 08:25:00;2021-10-20 08:38:00;"Departed";"LLBG";"Airbus A320";13
"2194";"Austrian";"OS 335";2021-10-20 08:20:00;2021-10-20 08:35:00;"Departed";"ENGM";"Embraer 195";15
"2195";"Austrian";"OS 89";2021-10-20 08:15:00;2021-10-20 08:50:00;"Departed";"KEWR";"Boeing 767-300";35
"2196";"Austrian";"OS 903";2021-10-20 07:35:00;2021-10-20 07:40:00;"Departed";"LOWI";"Embraer EMB 195";5
"2197";"Austrian";"OS 177";2021-10-20 05:50:00;2021-10-20 05:54:00;"Departed";"EDDS";"Embraer 195";4
"2198";"Austrian";"OS 571";2021-10-20 05:35:00;2021-10-20 05:43:00;"Departed";"LSGG";"Embraer EMB 195";8
"2199";"Austrian";"OS 121";2021-10-20 05:15:00;2021-10-20 05:28:00;"Departed";"EDDF";"Airbus A321-100/200";13
"2200";"Austrian";"OS 501";2021-10-20 05:10:00;2021-10-20 05:15:00;"Departed";"LIRF";"Embraer EMB 195";5
"2201";"Austrian";"OS 111";2021-10-20 05:05:00;2021-10-20 05:11:00;"Departed";"EDDM";"Airbus A320-100/200";6
"2202";"Austrian";"OS 9409";2021-10-20 04:55:00;2021-10-20 05:05:00;"Departed";"LICC";"Airbus A320-100/200";10
"2203";"Austrian";"OS 679";2021-10-19 20:50:00;2021-10-19 20:57:00;"Departed";"UKDE";"Embraer 195";7
"2204";"Austrian";"OS 641";2021-10-19 20:35:00;2021-10-19 20:46:00;"Departed";"UDYZ";"Airbus A319";11
"2205";"Austrian";"OS 195";2021-10-19 15:35:00;2021-10-19 15:36:00;"Departed";"EDDK";"Embraer 195";1
"2206";"Austrian";"OS 529";2021-10-19 15:30:00;2021-10-19 15:38:00;"Departed";"LIPZ";"Embraer 195";8
"2207";"Austrian";"OS 131";2021-10-19 13:10:00;2021-10-19 13:18:00;"Departed";"EDDF";"Airbus A320-100/200";8
"2208";"Austrian";"OS 381";2021-10-19 11:10:00;2021-10-19 11:11:00;"Departed";"UKLL";"Embraer EMB 195";1
"2209";"Austrian";"OS 569";2021-10-19 11:05:00;2021-10-19 11:09:00;"Departed";"LSZH";"Airbus A320";4
"2210";"Austrian";"OS 731";2021-10-19 10:55:00;2021-10-19 11:03:00;"Departed";"LDDU";"Airbus A320-100/200";8
"2211";"Austrian";"OS 727";2021-10-19 10:55:00;2021-10-19 11:06:00;"Departed";"LYPG";"Airbus A319";11
"2212";"Austrian";"OS 791";2021-10-19 10:35:00;2021-10-19 10:48:00;"Departed";"LROP";"Airbus A320";13
"2213";"Austrian";"OS 65";2021-10-19 08:45:00;2021-10-19 09:02:00;"Departed";"KORD";"Boeing 777-200";17
"2214";"Austrian";"OS 87";2021-10-19 08:40:00;2021-10-19 08:50:00;"Departed";"KJFK";"Boeing 767-300";10
"2215";"Austrian";"OS 93";2021-10-19 08:35:00;2021-10-19 08:57:00;"Departed";"KIAD";"Boeing 767-300";22
"2216";"Austrian";"OS 857";2021-10-19 08:25:00;2021-10-19 08:41:00;"Departed";"LLBG";"Airbus A320-100/200";16
"2217";"Austrian";"OS 89";2021-10-19 08:15:00;2021-10-19 08:45:00;"Departed";"KEWR";"Boeing 767-300";30
"2218";"Austrian";"OS 177";2021-10-19 05:50:00;2021-10-19 05:56:00;"Departed";"EDDS";"Embraer 195";6
"2219";"Austrian";"OS 571";2021-10-19 05:35:00;2021-10-19 05:35:00;"Departed";"LSGG";"Embraer 195";0
"2220";"Austrian";"OS 121";2021-10-19 05:15:00;2021-10-19 05:32:00;"Departed";"EDDF";"Airbus A320-100/200";17
"2221";"Austrian";"OS 111";2021-10-19 05:05:00;2021-10-19 05:24:00;"Departed";"EDDM";"Airbus A320-100/200";19
"2222";"Austrian";"OS 641";2021-10-18 20:35:00;2021-10-18 20:43:00;"Departed";"UDYZ";"Airbus A320-100/200";8
"2223";"Austrian";"OS 711";2021-10-18 19:05:00;2021-10-18 19:09:00;"Departed";"LKPR";"Embraer EMB 195";4
"2224";"Austrian";"OS 419";2021-10-18 18:25:00;2021-10-18 18:39:00;"Departed";"LFPG";"Airbus A320-100/200";14
